
3.4000046476975285
3.4000046476975285
3.4000046476975285
3.4000046476975285
3.4000046476975285
3.4000046476975285
3.4000046476975285
3.4000046476975285
3.4000046476975285
3.4000046476975285
3.4000046476975285
3.4000046476975285
3.4000046476975285
3.4000046476975285
3.4000046476975285
3.4000046476975285
3.4000046476975285
3.4000046476975285
3.4000046476975285
3.4000046476975285
3.4000046476975285
3.4000046476975285
3.4000046476975285
3.4000046476975285
3.4000046476975285
3.4000046476975285
3.4000046476975285
3.4000046476975285
3.4000046476975285
3.4000046476975285
3.4000046476975285
3.4000046476975285
3.4000046476975285
3.4000046476975285
3.4000046476975285
3.4000046476975285
3.4000046476975285
3.4000046476975285
3.4000046476975285
3.4000046476975285
3.4000046476975285
3.4000046476975285
3.4000046476975285
3.4000046476975285
3.4000046476975285
3.4000046476975285
3.4000046476975285
3.4000046476975285
3.4000046476975285
3.4000046476975285
3.4000046476975285
3.4000046476975285
3.4000046476975285
3.4000046476975285
3.4000046476975285
3.4000046476975285
3.4000046476975285
3.4000046476975285
3.4000046476975285
3.4000046476975285
3.4000046476975285
3.4000046476975285
3.4000046476975285
3.4000046476975285
3.4000046476975285
3.4000046476975285
3.4000046476975285
3.4000046476975285
3.4000046476975285
3.4000046476975285
3.4000046476975285
3.4000046476975285
3.4000046476975285
3.4000046476975285
3.4000046476975285
3.4000046476975285
3.4000046476975285
3.4000046476975285
3.4000046476975285
3.4000046476975285
3.4000046476975285
3.4000046476975285
3.4000046476975285
3.4000046476975285
3.4000046476975285
3.4000046476975285
3.4000046476975285
3.4066410395184636
3.4066410395184636
3.4066410395184636
3.4066410395184636
3.4066410395184636
3.4066410395184636
3.4066410395184636
3.4066410395184636
3.4066410395184636
3.4066410395184636
3.4066410395184636
3.4066410395184636
3.418892357188369
3.429921812635598
3.440279574246089
3.4500065481745015
3.4500065481745015
3.4500065481745015
3.4500065481745015
3.4500065481745015
3.4500065481745015
3.4500065481745015
3.4500065481745015
3.4500065481745015
3.4500065481745015
3.4500065481745015
3.4500065481745015
3.4500065481745015
3.4500065481745015
3.4500065481745015
3.4500065481745015
3.4500065481745015
3.4500065481745015
3.4500065481745015
3.4500065481745015
3.4500065481745015
3.4500065481745015
3.4500065481745015
3.4500065481745015
3.4500065481745015
3.4500065481745015
3.4500065481745015
3.4500065481745015
3.4500065481745015
3.4500065481745015
3.4500065481745015
3.4500065481745015
3.4500065481745015
3.4500065481745015
3.4500065481745015
3.4500065481745015
3.4500065481745015
3.4500065481745015
3.4500065481745015
3.4500065481745015
3.4500065481745015
3.4500065481745015
3.4500065481745015
3.4500065481745015
3.4500065481745015
3.4500065481745015
3.4500065481745015
3.4500065481745015
3.4500065481745015
3.4500065481745015
3.4500065481745015
3.4500065481745015
3.4500065481745015
3.4500065481745015
3.4500065481745015
3.4500065481745015
3.4500065481745015
3.4500065481745015
3.4500065481745015
3.4500065481745015
3.4500065481745015
3.4500065481745015
3.4500065481745015
3.4500065481745015
3.4500065481745015
3.4500065481745015
3.4500065481745015
3.4500065481745015
3.4500065481745015
3.4500065481745015
3.4500065481745015
3.4500065481745015
3.4500065481745015
3.4500065481745015
3.4500065481745015
3.4500065481745015
3.4500065481745015
3.4500065481745015
3.4500065481745015
3.4500065481745015
3.4500065481745015
3.4500065481745015
3.4500065481745015
3.4500065481745015
3.4500065481745015
3.4500065481745015
3.4500065481745015
3.4500065481745015
3.4500065481745015
3.4500065481745015
3.4500065481745015
3.4500065481745015
3.4500065481745015
3.4500065481745015
3.4500065481745015
3.4500065481745015
3.4500065481745015
3.4500065481745015
3.4500065481745015
3.4500065481745015
3.4500065481745015
3.4500065481745015
3.4500065481745015
3.4500065481745015
3.4500065481745015
3.4500065481745015
3.4500065481745015
3.4500065481745015
3.4500065481745015
3.4500065481745015
3.4500065481745015
3.4500065481745015
3.4500065481745015
3.4500065481745015
3.4500065481745015
3.4500065481745015
3.4500065481745015
3.4500065481745015
3.4500065481745015
3.4500065481745015
3.4500065481745015
3.4500065481745015
3.4500065481745015
3.4500065481745015
3.4500065481745015
3.4500065481745015
3.4500065481745015
3.4500065481745015
3.4500065481745015
3.454015628988161
3.454015628988161
3.454015628988161
3.454015628988161
3.454015628988161
3.454015628988161
3.454015628988161
3.454015628988161
3.454015628988161
3.454015628988161
3.454015628988161
3.454015628988161
3.454015628988161
3.454015628988161
3.454015628988161
3.454015628988161
3.454015628988161
3.454015628988161
3.454015628988161
3.454015628988161
3.454015628988161
3.454015628988161
3.454015628988161
3.454015628988161
3.454015628988161
3.454015628988161
3.454015628988161
3.454015628988161
3.454015628988161
3.4592055080112587
3.4677798925733736
3.4758320971156547
3.4833939224013104
3.4904952325270706
3.4904952325270706
3.4904952325270706
3.4904952325270706
3.4904952325270706
3.4904952325270706
3.4904952325270706
3.4904952325270706
3.4904952325270706
3.4904952325270706
3.4904952325270706
3.4904952325270706
3.4904952325270706
3.4904952325270706
3.4904952325270706
3.4904952325270706
3.4904952325270706
3.4904952325270706
3.4904952325270706
3.4904952325270706
3.4904952325270706
3.4904952325270706
3.4904952325270706
3.4904952325270706
3.4904952325270706
3.4904952325270706
3.4904952325270706
3.4904952325270706
3.4904952325270706
3.4904952325270706
3.4904952325270706
3.4904952325270706
3.4904952325270706
3.4904952325270706
3.4904952325270706
3.4904952325270706
3.4904952325270706
3.4904952325270706
3.4904952325270706
3.4904952325270706
3.4904952325270706
3.4904952325270706
3.4904952325270706
3.4904952325270706
3.4904952325270706
3.4904952325270706
3.4904952325270706
3.4904952325270706
3.4904952325270706
3.4904952325270706
3.4904952325270706
3.4904952325270706
3.4904952325270706
3.4904952325270706
3.4904952325270706
3.4904952325270706
3.4904952325270706
3.4904952325270706
3.4904952325270706
3.4904952325270706
3.4904952325270706
3.4904952325270706
3.4904952325270706
3.4904952325270706
3.4904952325270706
3.4904952325270706
3.4904952325270706
3.4904952325270706
3.4904952325270706
3.4904952325270706
3.4904952325270706
3.4904952325270706
3.4904952325270706
3.4904952325270706
3.4904952325270706
3.4904952325270706
3.4904952325270706
3.4904952325270706
3.4904952325270706
3.4904952325270706
3.4904952325270706
3.4904952325270706
3.4904952325270706
3.4904952325270706
3.4904952325270706
3.4904952325270706
3.4904952325270706
3.4904952325270706
3.4904952325270706
3.4904952325270706
3.4904952325270706
3.4904952325270706
3.4904952325270706
3.4904952325270706
3.4904952325270706
3.4904952325270706
3.4904952325270706
3.4904952325270706
3.4904952325270706
3.4904952325270706
3.4904952325270706
3.4904952325270706
3.4904952325270706
3.4904952325270706
3.4904952325270706
3.4904952325270706
3.4904952325270706
3.4904952325270706
3.4904952325270706
3.4904952325270706
3.4904952325270706
3.4904952325270706
3.4904952325270706
3.4904952325270706
3.4904952325270706
3.4904952325270706
3.4904952325270706
3.4904952325270706
3.4904952325270706
3.4904952325270706
3.4904952325270706
3.4904952325270706
3.4904952325270706
3.4904952325270706
3.4904952325270706
3.4904952325270706
3.4904952325270706
3.4904952325270706
3.4904952325270706
3.4904952325270706
3.4904952325270706
3.4904952325270706
3.4904952325270706
3.4904952325270706
3.4904952325270706
3.4904952325270706
3.4904952325270706
3.4904952325270706
3.4904952325270706
3.4904952325270706
3.4904952325270706
3.4904952325270706
3.4904952325270706
3.4904952325270706
3.4904952325270706
3.4904952325270706
3.4904952325270706
3.4904952325270706
3.4904952325270706
3.4904952325270706
3.4904952325270706
3.4904952325270706
3.4904952325270706
3.4904952325270706
3.4904952325270706
3.4904952325270706
3.4904952325270706
3.4904952325270706
3.4904952325270706
3.4904952325270706
3.4904952325270706
3.4904952325270706
3.4904952325270706
3.4904952325270706
3.4904952325270706
3.4904952325270706
3.4904952325270706
3.4904952325270706
3.4904952325270706
3.4904952325270706
3.4904952325270706
3.4904952325270706
3.4904952325270706
3.4904952325270706
3.4904952325270706
3.4904952325270706
3.4904952325270706
3.4904952325270706
3.4904952325270706
3.4904952325270706
3.4904952325270706
3.4904952325270706
3.4904952325270706
3.4904952325270706
3.4904952325270706
3.4904952325270706
3.4904952325270706
3.4904952325270706
3.4904952325270706
3.4904952325270706
3.4904952325270706
3.4904952325270706
3.4904952325270706
3.4904952325270706
3.4904952325270706
3.4904952325270706
3.4904952325270706
3.4904952325270706
3.4959487242536387
3.5022854469465923
3.5022854469465923
3.5022854469465923
3.5022854469465923
3.5022854469465923
3.5022854469465923
3.5022854469465923
3.5022854469465923
3.5022854469465923
3.5022854469465923
3.5022854469465923
3.5022854469465923
3.5022854469465923
3.5022854469465923
3.5022854469465923
3.5022854469465923
3.5022854469465923
3.5055596131937534
3.523491032750252
3.5281504288557617
3.532526067738445
3.5366352302131734
3.5404941446931915
3.5441180512813766
3.547521261958341
3.5507172171050776
3.5537185385833787
3.5565370795836504
3.5565370795836504
3.5565370795836504
3.5565370795836504
3.5565370795836504
3.5565370795836504
3.56186265021071
3.56186265021071
3.56186265021071
3.56186265021071
3.56186265021071
3.56186265021071
3.56186265021071
3.56186265021071
3.56186265021071
3.56186265021071
3.56186265021071
3.56186265021071
3.56186265021071
3.56186265021071
3.56186265021071
3.56186265021071
3.56186265021071
3.56186265021071
3.56186265021071
3.56186265021071
3.56186265021071
3.56186265021071
3.56186265021071
3.56186265021071
3.56186265021071
3.56186265021071
3.56186265021071
3.56186265021071
3.56186265021071
3.56186265021071
3.56186265021071
3.56186265021071
3.56186265021071
3.56186265021071
3.56186265021071
3.56186265021071
3.56186265021071
3.56186265021071
3.56186265021071
3.56186265021071
3.56186265021071
3.56186265021071
3.56186265021071
3.56186265021071
3.56186265021071
3.56186265021071
3.56186265021071
3.56186265021071
3.56186265021071
3.56186265021071
3.56186265021071
3.56186265021071
3.56186265021071
3.56186265021071
3.56186265021071
3.56186265021071
3.56186265021071
3.56186265021071
3.56186265021071
3.56186265021071
3.56186265021071
3.56186265021071
3.56186265021071
3.56186265021071
3.56186265021071
3.56186265021071
3.56186265021071
3.56186265021071
3.56186265021071
3.56186265021071
3.56186265021071
3.56186265021071
3.56186265021071
3.56186265021071
3.56186265021071
3.56186265021071
3.56186265021071
3.56186265021071
3.56186265021071
3.56186265021071
3.56186265021071
3.56186265021071
3.56186265021071
3.56186265021071
3.56186265021071
3.56186265021071
3.56186265021071
3.56186265021071
3.56186265021071
3.56186265021071
3.56186265021071
3.56186265021071
3.56186265021071
3.56186265021071
3.56186265021071
3.56186265021071
3.56186265021071
3.56186265021071
3.56186265021071
3.56186265021071
3.56186265021071
3.56186265021071
3.56186265021071
3.56186265021071
3.56186265021071
3.56186265021071
3.56186265021071
3.56186265021071
3.56186265021071
3.56186265021071
3.56186265021071
3.56186265021071
3.56186265021071
3.56186265021071
3.56186265021071
3.56186265021071
3.56186265021071
3.56186265021071
3.56186265021071
3.56186265021071
3.56186265021071
3.56186265021071
3.56186265021071
3.56186265021071
3.56186265021071
3.56186265021071
3.56186265021071
3.56186265021071
3.56186265021071
3.56186265021071
3.56186265021071
3.56186265021071
3.56186265021071
3.56186265021071
3.56186265021071
3.56186265021071
3.56186265021071
3.56186265021071
3.56186265021071
3.56186265021071
3.56186265021071
3.56186265021071
3.56186265021071
3.56186265021071
3.56186265021071
3.56186265021071
3.56186265021071
3.56186265021071
3.56186265021071
3.56186265021071
3.56186265021071
3.56186265021071
3.56186265021071
3.56186265021071
3.56186265021071
3.56186265021071
3.56186265021071
3.56186265021071
3.56186265021071
3.56186265021071
3.56186265021071
3.56186265021071
3.56186265021071
3.56186265021071
3.56186265021071
3.56186265021071
3.56186265021071
3.56186265021071
3.56186265021071
3.56186265021071
3.56186265021071
3.56186265021071
3.56186265021071
3.56186265021071
3.56186265021071
3.56186265021071
3.56186265021071
3.56186265021071
3.56186265021071
3.56186265021071
3.56186265021071
3.56186265021071
3.56186265021071
3.56186265021071
3.56186265021071
3.56186265021071
3.56186265021071
3.56186265021071
3.56186265021071
3.56186265021071
3.56186265021071
3.56186265021071
3.56186265021071
3.56186265021071
3.56186265021071
3.56186265021071
3.56186265021071
3.56186265021071
3.56186265021071
3.56186265021071
3.56186265021071
3.56186265021071
3.56186265021071
3.56186265021071
3.56186265021071
3.56186265021071
3.56186265021071
3.56186265021071
3.56186265021071
3.56186265021071
3.56186265021071
3.56186265021071
3.56186265021071
3.56186265021071
3.56186265021071
3.56186265021071
3.56186265021071
3.56186265021071
3.56186265021071
3.56186265021071
3.56186265021071
3.56186265021071
3.56186265021071
3.56186265021071
3.56186265021071
3.56186265021071
3.56186265021071
3.56186265021071
3.56186265021071
3.56186265021071
3.56186265021071
3.56186265021071
3.56186265021071
3.56186265021071
3.56186265021071
3.56186265021071
3.56186265021071
3.56186265021071
3.56186265021071
3.56186265021071
3.56186265021071
3.56186265021071
3.56186265021071
3.56186265021071
3.56186265021071
3.56186265021071
3.56186265021071
3.56186265021071
3.56186265021071
3.56186265021071
3.56186265021071
3.56186265021071
3.56186265021071
3.56186265021071
3.56186265021071
3.56186265021071
3.56186265021071
3.56186265021071
3.56186265021071
3.56186265021071
3.56186265021071
3.56186265021071
3.56186265021071
3.56186265021071
3.56186265021071
3.56186265021071
3.56186265021071
3.56186265021071
3.56186265021071
3.56186265021071
3.56186265021071
3.56186265021071
3.56186265021071
3.56186265021071
3.56186265021071
3.56186265021071
3.56186265021071
3.56186265021071
3.56186265021071
3.56186265021071
3.56186265021071
3.56186265021071
3.56186265021071
3.56186265021071
3.56186265021071
3.56186265021071
3.56186265021071
3.56186265021071
3.56186265021071
3.56186265021071
3.56186265021071
3.56186265021071
3.56186265021071
3.56186265021071
3.56186265021071
3.56186265021071
3.56186265021071
3.56186265021071
3.56186265021071
3.56186265021071
3.56186265021071
3.56186265021071
3.56186265021071
3.56186265021071
3.56186265021071
3.56186265021071
3.56186265021071
3.56186265021071
3.56186265021071
3.56186265021071
3.56186265021071
3.56186265021071
3.56186265021071
3.56186265021071
3.56186265021071
3.56186265021071
3.56186265021071
3.56186265021071
3.56186265021071
3.56186265021071
3.56186265021071
3.56186265021071
3.56186265021071
3.56186265021071
3.56186265021071
3.56186265021071
3.56186265021071
3.56186265021071
3.56186265021071
3.56186265021071
3.56186265021071
3.56186265021071
3.56186265021071
3.56186265021071
3.56186265021071
3.56186265021071
3.56186265021071
3.56186265021071
3.56186265021071
3.56186265021071
3.56186265021071
3.56186265021071
3.56186265021071
3.56186265021071
3.56186265021071
3.56186265021071
3.56186265021071
3.56186265021071
3.56186265021071
3.56186265021071
3.56186265021071
3.56186265021071
3.56186265021071
3.56186265021071
3.56186265021071
3.56186265021071
3.56186265021071
3.56186265021071
3.56186265021071
3.56186265021071
3.56186265021071
3.56186265021071
3.56186265021071
3.56186265021071
3.56186265021071
3.56186265021071
3.56186265021071
3.56186265021071
3.56186265021071
3.56186265021071
3.56186265021071
3.56186265021071
3.56186265021071
3.56186265021071
3.56186265021071
3.56186265021071
3.56186265021071
3.56186265021071
3.56186265021071
3.56186265021071
3.56186265021071
3.56186265021071
3.56186265021071
3.56186265021071
3.56186265021071
3.56186265021071
3.56186265021071
3.56186265021071
3.56186265021071
3.56186265021071
3.56186265021071
3.56186265021071
3.56186265021071
3.56186265021071
3.56186265021071
3.56186265021071
3.56186265021071
3.56186265021071
3.56186265021071
3.56186265021071
3.56186265021071
3.56186265021071
3.56186265021071
3.56186265021071
3.56186265021071
3.56186265021071
3.56186265021071
3.56186265021071
3.56186265021071
3.56186265021071
3.56186265021071
3.56186265021071
3.56186265021071
3.56186265021071
3.56186265021071
3.56186265021071
3.56186265021071
3.56186265021071
3.56186265021071
3.56186265021071
3.56186265021071
3.56186265021071
3.56186265021071
3.56186265021071
3.56186265021071
3.56186265021071
3.56186265021071
3.56186265021071
3.56186265021071
3.56186265021071
3.56186265021071
3.56186265021071
3.56186265021071
3.56186265021071
3.56186265021071
3.56186265021071
3.56186265021071
3.56186265021071
3.56186265021071
3.56186265021071
3.56186265021071
3.56186265021071
3.56186265021071
3.56186265021071
3.56186265021071
3.56186265021071
3.56186265021071
3.56186265021071
3.56186265021071
3.56186265021071
3.56186265021071
3.56186265021071
3.56186265021071
3.56186265021071
3.56186265021071
3.56186265021071
3.56186265021071
3.56186265021071
3.56186265021071
3.56186265021071
3.56186265021071
3.56186265021071
3.56186265021071
3.56186265021071
3.56186265021071
3.56186265021071
3.56186265021071
3.56186265021071
3.56186265021071
3.56186265021071
3.56186265021071
3.56186265021071
3.56186265021071
3.56186265021071
3.56186265021071
3.56186265021071
3.56186265021071
3.56186265021071
3.56186265021071
3.56186265021071
3.56186265021071
3.56186265021071
3.56186265021071
3.56186265021071
3.56186265021071
3.56186265021071
3.56186265021071
3.56186265021071
3.56186265021071
3.56186265021071
3.56186265021071
3.56186265021071
3.56186265021071
3.56186265021071
3.56186265021071
3.56186265021071
3.56186265021071
3.56186265021071
3.56186265021071
3.56186265021071
3.56186265021071
3.56186265021071
3.56186265021071
3.56186265021071
3.56186265021071
3.56186265021071
3.56186265021071
3.56186265021071
3.56186265021071
3.56186265021071
3.56186265021071
3.56186265021071
3.56186265021071
3.56186265021071
3.56186265021071
3.56186265021071
3.56186265021071
3.56186265021071
3.56186265021071
3.56186265021071
3.56186265021071
3.56186265021071
3.56186265021071
3.56186265021071
3.56186265021071
3.56186265021071
3.56186265021071
3.56186265021071
3.56186265021071
3.56186265021071
3.56186265021071
3.56186265021071
3.56186265021071
3.56186265021071
3.56186265021071
3.56186265021071
3.56186265021071
3.56186265021071
3.56186265021071
3.56186265021071
3.56186265021071
3.56186265021071
3.56186265021071
3.56186265021071
3.56186265021071
3.56186265021071
3.56186265021071
3.56186265021071
3.56186265021071
3.56186265021071
3.56186265021071
3.56186265021071
3.56186265021071
3.56186265021071
3.56186265021071
3.56186265021071
3.56186265021071
3.56186265021071
3.56186265021071
3.56186265021071
3.56186265021071
3.56186265021071
3.56186265021071
3.56186265021071
3.56186265021071
3.56186265021071
3.56186265021071
3.56186265021071
3.56186265021071
3.56186265021071
3.56186265021071
3.56186265021071
3.56186265021071
3.56186265021071
3.56186265021071
3.56186265021071
3.56186265021071
3.56186265021071
3.56186265021071
3.56186265021071
3.56186265021071
3.56186265021071
3.56186265021071
3.56186265021071
3.56186265021071
3.56186265021071
3.56186265021071
3.56186265021071
3.56186265021071
3.56186265021071
3.56186265021071
3.56186265021071
3.56186265021071
3.56186265021071
3.56186265021071
3.56186265021071
3.56186265021071
3.56186265021071
3.56186265021071
3.56186265021071
3.56186265021071
3.56186265021071
3.56186265021071
3.56186265021071
3.56186265021071
3.56186265021071
3.56186265021071
3.56186265021071
3.56186265021071
3.56186265021071
3.56186265021071
3.56186265021071
3.56186265021071
3.56186265021071
3.56186265021071
3.56186265021071
3.56186265021071
3.56186265021071
3.56186265021071
3.56186265021071
3.56186265021071
3.56186265021071
3.56186265021071
3.56186265021071
3.56186265021071
3.56186265021071
3.56186265021071
3.56186265021071
3.56186265021071
3.56186265021071
3.56186265021071
3.56186265021071
3.56186265021071
3.56186265021071
3.56186265021071
3.56186265021071
3.56186265021071
3.56186265021071
3.56186265021071
3.56186265021071
3.56186265021071
3.56186265021071
3.56186265021071
3.56186265021071
3.56186265021071
3.56186265021071
3.56186265021071
3.56186265021071
3.56186265021071
3.56186265021071
3.56186265021071
3.56186265021071
3.56186265021071
3.56186265021071
3.56186265021071
3.56186265021071
3.56186265021071
3.56186265021071
3.56186265021071
3.56186265021071
3.56186265021071
3.56186265021071
3.56186265021071
3.56186265021071
3.56186265021071
3.56186265021071
3.56186265021071
3.56186265021071
3.56186265021071
3.56186265021071
3.56186265021071
3.56186265021071
3.56186265021071
3.56186265021071
3.56186265021071
3.56186265021071
3.56186265021071
3.56186265021071
3.56186265021071
3.56186265021071
3.56186265021071
3.56186265021071
3.56186265021071
3.56186265021071
3.56186265021071
3.56186265021071
3.56186265021071
3.56186265021071
3.56186265021071
3.56186265021071
3.56186265021071
3.56186265021071
3.56186265021071
3.56186265021071
3.56186265021071
3.56186265021071
3.56186265021071
3.56186265021071
3.56186265021071
3.56186265021071
3.56186265021071
3.56186265021071
3.56186265021071
3.56186265021071
3.56186265021071
3.56186265021071
3.56186265021071
3.56186265021071
3.56186265021071
3.56186265021071
3.56186265021071
3.56186265021071
3.56186265021071
3.56186265021071
3.56186265021071
3.56186265021071
3.56186265021071
3.56186265021071
3.56186265021071
3.56186265021071
3.56186265021071
3.56186265021071
3.56186265021071
3.56186265021071
3.56186265021071
3.56186265021071
3.56186265021071
3.56186265021071
3.56186265021071
3.56186265021071
3.56186265021071
3.56186265021071
3.56186265021071
3.56186265021071
3.56186265021071
3.56186265021071
3.56186265021071
3.56186265021071
3.56186265021071
3.56186265021071
3.56186265021071
3.56186265021071
3.56186265021071
3.56186265021071
3.56186265021071
3.56186265021071
3.56186265021071
3.56186265021071
3.56186265021071
3.56186265021071
3.56186265021071
3.56186265021071
3.56186265021071
3.56186265021071
3.56186265021071
3.56186265021071
3.56186265021071
3.56186265021071
3.56186265021071
3.56186265021071
3.56186265021071
3.56186265021071
3.56186265021071
3.56186265021071
3.56186265021071
3.56186265021071
3.56186265021071
3.56186265021071
3.56186265021071
3.56186265021071
3.56186265021071
3.56186265021071
3.56186265021071
3.56186265021071
3.56186265021071
3.56186265021071
3.56186265021071
3.56186265021071
3.56186265021071
3.56186265021071
3.56186265021071
3.56186265021071
3.56186265021071
3.56186265021071
3.56186265021071
3.56186265021071
3.56186265021071
3.56186265021071
3.56186265021071
3.56186265021071
3.56186265021071
3.56186265021071
3.56186265021071
3.56186265021071
3.56186265021071
3.56186265021071
3.56186265021071
3.56186265021071
3.56186265021071
3.56186265021071
3.56186265021071
3.56186265021071
3.56186265021071
3.56186265021071
3.56186265021071
3.56186265021071
3.56186265021071
3.56186265021071
3.56186265021071
3.56186265021071
3.56186265021071
3.56186265021071
3.56186265021071
3.56186265021071
3.56186265021071
3.56186265021071
3.56186265021071
3.56186265021071
3.56186265021071
3.56186265021071
3.56186265021071
3.56186265021071
3.56186265021071
3.56186265021071
3.56186265021071
3.56186265021071
3.56186265021071
3.56186265021071
3.56186265021071
3.56186265021071
3.56186265021071
3.56186265021071
3.56186265021071
3.56186265021071
3.56186265021071
3.56186265021071
3.56186265021071
3.56186265021071
3.56186265021071
3.56186265021071
3.56186265021071
3.56186265021071
3.56186265021071
3.56186265021071
3.56186265021071
3.56186265021071
3.56186265021071
3.56186265021071
3.56186265021071
3.56186265021071
3.56186265021071
3.56186265021071
3.56186265021071
3.56186265021071
3.56186265021071
3.56186265021071
3.56186265021071
3.56186265021071
3.56186265021071
3.56186265021071
3.56186265021071
3.56186265021071
3.56186265021071
3.56186265021071
3.56186265021071
3.56186265021071
3.56186265021071
3.56186265021071
3.56186265021071
3.56186265021071
3.56186265021071
3.56186265021071
3.56186265021071
3.56186265021071
3.56186265021071
3.56186265021071
3.56186265021071
3.56186265021071
3.56186265021071
3.56186265021071
3.56186265021071
3.56186265021071
3.56186265021071
3.56186265021071
3.56186265021071
3.56186265021071
3.56186265021071
3.56186265021071
3.56186265021071
3.56186265021071
3.56186265021071
3.56186265021071
3.56186265021071
3.56186265021071
3.56186265021071
3.56186265021071
3.56186265021071
3.56186265021071
3.56186265021071
3.56186265021071
3.56186265021071
3.56186265021071
3.56186265021071
3.56186265021071
3.56186265021071
3.56186265021071
3.56186265021071
3.56186265021071
3.56186265021071
3.56186265021071
3.56186265021071
3.56186265021071
3.56186265021071
3.56186265021071
3.56186265021071
3.56186265021071
3.56186265021071
3.56186265021071
3.56186265021071
3.56186265021071
3.56186265021071
3.56186265021071
3.56186265021071
3.56186265021071
3.56186265021071
3.56186265021071
3.56186265021071
3.56186265021071
3.56186265021071
3.56186265021071
3.56186265021071
3.56186265021071
3.56186265021071
3.56186265021071
3.56186265021071
3.56186265021071
3.56186265021071
3.56186265021071
3.56186265021071
3.56186265021071
3.56186265021071
3.56186265021071
3.56186265021071
3.56186265021071
3.56186265021071
3.56186265021071
3.56186265021071
3.56186265021071
3.56186265021071
3.56186265021071
3.56186265021071
3.56186265021071
3.56186265021071
3.56186265021071
3.56186265021071
3.56186265021071
3.56186265021071
3.56186265021071
3.56186265021071
3.56186265021071
3.56186265021071
3.56186265021071
3.56186265021071
3.56186265021071
3.56186265021071
3.56186265021071
3.56186265021071
3.56186265021071
3.56186265021071
3.56186265021071
3.56186265021071
3.56186265021071
3.56186265021071
3.56186265021071
3.56186265021071
3.56186265021071
3.56186265021071
3.56186265021071
3.56186265021071
3.56186265021071
3.56186265021071
3.56186265021071
3.56186265021071
3.56186265021071
3.56186265021071
3.56186265021071
3.56186265021071
3.56186265021071
3.56186265021071
3.56186265021071
3.56186265021071
3.56186265021071
3.56186265021071
3.56186265021071
3.56186265021071
3.56186265021071
3.56186265021071
3.56186265021071
3.56186265021071
3.56186265021071
3.56186265021071
3.56186265021071
3.56186265021071
3.56186265021071
3.56186265021071
3.56186265021071
3.56186265021071
3.56186265021071
3.56186265021071
3.56186265021071
3.56186265021071
3.56186265021071
3.56186265021071
3.56186265021071
3.56186265021071
3.56186265021071
3.56186265021071
3.56186265021071
3.56186265021071
3.56186265021071
3.56186265021071
3.56186265021071
3.56186265021071
3.56186265021071
3.56186265021071
3.56186265021071
3.56186265021071
3.56186265021071
3.56186265021071
3.56186265021071
3.56186265021071
3.56186265021071
3.56186265021071
3.56186265021071
3.56186265021071
3.56186265021071
3.56186265021071
3.56186265021071
3.56186265021071
3.56186265021071
3.56186265021071
3.56186265021071
3.56186265021071
3.56186265021071
3.56186265021071
3.56186265021071
3.56186265021071
3.56186265021071
3.56186265021071
3.56186265021071
3.56186265021071
3.56186265021071
3.56186265021071
3.56186265021071
3.56186265021071
3.56186265021071
3.56186265021071
3.56186265021071
3.56186265021071
3.56186265021071
3.56186265021071
3.56186265021071
3.56186265021071
3.56186265021071
3.56186265021071
3.56186265021071
3.56186265021071
3.56186265021071
3.56186265021071
3.56186265021071
3.56186265021071
3.56186265021071
3.56186265021071
3.56186265021071
3.56186265021071
3.56186265021071
3.56186265021071
3.56186265021071
3.56186265021071
3.56186265021071
3.56186265021071
3.56186265021071
3.56186265021071
3.56186265021071
3.56186265021071
3.56186265021071
3.56186265021071
3.56186265021071
3.56186265021071
3.56186265021071
3.56186265021071
3.56186265021071
3.56186265021071
3.56186265021071
3.56186265021071
3.56186265021071
3.56186265021071
3.56186265021071
3.56186265021071
3.56186265021071
3.56186265021071
3.56186265021071
3.56186265021071
3.56186265021071
3.56186265021071
3.56186265021071
3.56186265021071
3.56186265021071
3.56186265021071
3.56186265021071
3.56186265021071
3.56186265021071
3.56186265021071
3.56186265021071
3.56186265021071
3.56186265021071
3.56186265021071
3.56186265021071
3.56186265021071
3.56186265021071
3.56186265021071
3.56186265021071
3.56186265021071
3.56186265021071
3.56186265021071
3.56186265021071
3.56186265021071
3.56186265021071
3.56186265021071
3.56186265021071
3.56186265021071
3.56186265021071
3.56186265021071
3.56186265021071
3.56186265021071
3.56186265021071
3.56186265021071
3.56186265021071
3.56186265021071
3.56186265021071
3.56186265021071
3.56186265021071
3.56186265021071
3.56186265021071
3.56186265021071
3.56186265021071
3.56186265021071
3.56186265021071
3.56186265021071
3.56186265021071
3.56186265021071
3.56186265021071
3.56186265021071
3.56186265021071
3.56186265021071
3.56186265021071
3.56186265021071
3.56186265021071
3.56186265021071
3.56186265021071
3.56186265021071
3.56186265021071
3.56186265021071
3.56186265021071
3.56186265021071
3.56186265021071
3.56186265021071
3.56186265021071
3.56186265021071
3.56186265021071
3.56186265021071
3.56186265021071
3.56186265021071
3.56186265021071
3.56186265021071
3.56186265021071
3.56186265021071
3.56186265021071
3.56186265021071
3.56186265021071
3.56186265021071
3.56186265021071
3.56186265021071
3.56186265021071
3.56186265021071
3.56186265021071
3.56186265021071
3.56186265021071
3.56186265021071
3.56186265021071
3.56186265021071
3.56186265021071
3.56186265021071
3.56186265021071
3.56186265021071
3.56186265021071
3.56186265021071
3.56186265021071
3.56186265021071
3.56186265021071
3.56186265021071
3.56186265021071
3.56186265021071
3.56186265021071
3.56186265021071
3.56186265021071
3.56186265021071
3.56186265021071
3.56186265021071
3.56186265021071
3.56186265021071
3.56186265021071
3.56186265021071
3.56186265021071
3.56186265021071
3.56186265021071
3.56186265021071
3.56186265021071
3.56186265021071
3.56186265021071
3.56186265021071
3.56186265021071
3.56186265021071
3.56186265021071
3.56186265021071
3.56186265021071
3.56186265021071
3.56186265021071
3.56186265021071
3.56186265021071
3.56186265021071
3.56186265021071
3.56186265021071
3.56186265021071
3.56186265021071
3.56186265021071
3.56186265021071
3.56186265021071
3.56186265021071
3.56186265021071
3.56186265021071
3.56186265021071
3.56186265021071
3.56186265021071
3.56186265021071
3.56186265021071
3.56186265021071
3.56186265021071
3.56186265021071
3.56186265021071
3.56186265021071
3.56186265021071
3.56186265021071
3.56186265021071
3.56186265021071
3.56186265021071
3.56186265021071
3.56186265021071
3.56186265021071
3.56186265021071
3.56186265021071
3.56186265021071
3.56186265021071
3.56186265021071
3.56186265021071
3.56186265021071
3.56186265021071
3.56186265021071
3.56186265021071
3.56186265021071
3.56186265021071
3.56186265021071
3.56186265021071
3.56186265021071
3.56186265021071
3.56186265021071
3.56186265021071
3.56186265021071
3.56186265021071
3.56186265021071
3.56186265021071
3.56186265021071
3.56186265021071
3.56186265021071
3.56186265021071
3.56186265021071
3.56186265021071
3.56186265021071
3.56186265021071
3.56186265021071
3.56186265021071
3.56186265021071
3.56186265021071
3.56186265021071
3.56186265021071
3.56186265021071
3.56186265021071
3.56186265021071
3.56186265021071
3.56186265021071
3.56186265021071
3.56186265021071
3.56186265021071
3.56186265021071
3.56186265021071
3.56186265021071
3.56186265021071
3.56186265021071
3.56186265021071
3.56186265021071
3.56186265021071
3.56186265021071
3.56186265021071
3.56186265021071
3.56186265021071
3.56186265021071
3.56186265021071
3.56186265021071
3.56186265021071
3.56186265021071
3.56186265021071
3.56186265021071
3.56186265021071
3.56186265021071
3.56186265021071
3.56186265021071
3.56186265021071
3.56186265021071
3.56186265021071
3.56186265021071
3.56186265021071
3.56186265021071
3.56186265021071
3.56186265021071
3.56186265021071
3.56186265021071
3.56186265021071
3.56186265021071
3.56186265021071
3.56186265021071
3.56186265021071
3.56186265021071
3.56186265021071
3.56186265021071
3.56186265021071
3.56186265021071
3.56186265021071
3.56186265021071
3.56186265021071
3.56186265021071
3.56186265021071
3.56186265021071
3.56186265021071
3.56186265021071
3.56186265021071
3.56186265021071
3.56186265021071
3.56186265021071
3.56186265021071
3.56186265021071
3.56186265021071
3.56186265021071
3.56186265021071
3.56186265021071
3.56186265021071
3.56186265021071
3.56186265021071
3.56186265021071
3.56186265021071
3.56186265021071
3.56186265021071
3.56186265021071
3.56186265021071
3.56186265021071
3.56186265021071
3.56186265021071
3.56186265021071
3.56186265021071
3.56186265021071
3.56186265021071
3.56186265021071
3.56186265021071
3.56186265021071
3.56186265021071
3.56186265021071
3.56186265021071
3.56186265021071
3.56186265021071
3.56186265021071
3.56186265021071
3.56186265021071
3.56186265021071
3.56186265021071
3.56186265021071
3.56186265021071
3.56186265021071
3.56186265021071
3.56186265021071
3.56186265021071
3.56186265021071
3.56186265021071
3.56186265021071
3.56186265021071
3.56186265021071
3.56186265021071
3.56186265021071
3.56186265021071
3.56186265021071
3.56186265021071
3.56186265021071
3.56186265021071
3.56186265021071
3.56186265021071
3.56186265021071
3.56186265021071
3.56186265021071
3.56186265021071
3.56186265021071
3.56186265021071
3.56186265021071
3.56186265021071
3.56186265021071
3.56186265021071
3.56186265021071
3.56186265021071
3.56186265021071
3.56186265021071
3.56186265021071
3.56186265021071
3.56186265021071
3.56186265021071
3.56186265021071
3.56186265021071
3.56186265021071
3.56186265021071
3.56186265021071
3.56186265021071
3.56186265021071
3.56186265021071
3.56186265021071
3.56186265021071
3.56186265021071
3.56186265021071
3.56186265021071
3.56186265021071
3.56186265021071
3.56186265021071
3.56186265021071
3.56186265021071
3.56186265021071
3.56186265021071
3.56186265021071
3.56186265021071
3.56186265021071
3.56186265021071
3.56186265021071
3.56186265021071
3.56186265021071
3.56186265021071
3.56186265021071
3.56186265021071
3.56186265021071
3.56186265021071
3.56186265021071
3.56186265021071
3.56186265021071
3.56186265021071
3.56186265021071
3.56186265021071
3.56186265021071
3.56186265021071
3.56186265021071
3.56186265021071
3.56186265021071
3.56186265021071
3.56186265021071
3.56186265021071
3.56186265021071
3.56186265021071
3.56186265021071
3.56186265021071
3.56186265021071
3.56186265021071
3.56186265021071
3.56186265021071
3.56186265021071
3.56186265021071
3.56186265021071
3.56186265021071
3.56186265021071
3.56186265021071
3.56186265021071
3.56186265021071
3.56186265021071
3.56186265021071
3.56186265021071
3.56186265021071
3.56186265021071
3.56186265021071
3.56186265021071
3.56186265021071
3.56186265021071
3.56186265021071
3.56186265021071
3.56186265021071
3.56186265021071
3.56186265021071
3.56186265021071
3.56186265021071
3.56186265021071
3.56186265021071
3.56186265021071
3.56186265021071
3.56186265021071
3.56186265021071
3.56186265021071
3.56186265021071
3.56186265021071
3.56186265021071
3.56186265021071
3.56186265021071
3.56186265021071
3.56186265021071
3.56186265021071
3.56186265021071
3.56186265021071
3.56186265021071
3.56186265021071
3.56186265021071
3.56186265021071
3.56186265021071
3.56186265021071
3.56186265021071
3.56186265021071
3.56186265021071
3.56186265021071
3.56186265021071
3.56186265021071
3.56186265021071
3.56186265021071
3.56186265021071
3.56186265021071
3.56186265021071
3.56186265021071
3.56186265021071
3.56186265021071
3.56186265021071
3.56186265021071
3.56186265021071
3.56186265021071
3.56186265021071
3.56186265021071
3.56186265021071
3.56186265021071
3.56186265021071
3.56186265021071
3.56186265021071
3.56186265021071
3.56186265021071
3.56186265021071
3.56186265021071
3.56186265021071
3.56186265021071
3.56186265021071
3.56186265021071
3.56186265021071
3.56186265021071
3.56186265021071
3.56186265021071
3.56186265021071
3.56186265021071
3.56186265021071
3.56186265021071
3.56186265021071
3.56186265021071
3.56186265021071
3.56186265021071
3.56186265021071
3.56186265021071
3.56186265021071
3.56186265021071
3.56186265021071
3.56186265021071
3.56186265021071
3.56186265021071
3.56186265021071
3.56186265021071
3.56186265021071
3.56186265021071
3.56186265021071
3.56186265021071
3.56186265021071
3.56186265021071
3.56186265021071
3.56186265021071
3.56186265021071
3.56186265021071
3.56186265021071
3.56186265021071
3.56186265021071
3.56186265021071
3.56186265021071
3.56186265021071
3.56186265021071
3.56186265021071
3.56186265021071
3.56186265021071
3.56186265021071
3.56186265021071
3.56186265021071
3.56186265021071
3.56186265021071
3.56186265021071
3.56186265021071
3.56186265021071
3.56186265021071
3.56186265021071
3.56186265021071
3.56186265021071
3.56186265021071
3.56186265021071
3.56186265021071
3.56186265021071
3.56186265021071
3.56186265021071
3.56186265021071
3.56186265021071
3.56186265021071
3.56186265021071
3.56186265021071
3.56186265021071
3.56186265021071
3.56186265021071
3.56186265021071
3.56186265021071
3.56186265021071
3.56186265021071
3.56186265021071
3.56186265021071
3.56186265021071
3.56186265021071
3.56186265021071
3.56186265021071
3.56186265021071
3.56186265021071
3.56186265021071
3.56186265021071
3.56186265021071
3.56186265021071
3.56186265021071
3.56186265021071
3.56186265021071
3.56186265021071
3.56186265021071
3.56186265021071
3.56186265021071
3.56186265021071
3.56186265021071
3.56186265021071
3.56186265021071
3.56186265021071
3.56186265021071
3.56186265021071
3.56186265021071
3.56186265021071
3.56186265021071
3.56186265021071
3.56186265021071
3.56186265021071
3.56186265021071
3.56186265021071
3.56186265021071
3.56186265021071
3.56186265021071
3.56186265021071
3.56186265021071
3.56186265021071
3.56186265021071
3.56186265021071
3.56186265021071
3.56186265021071
3.56186265021071
3.56186265021071
3.56186265021071
3.56186265021071
3.56186265021071
3.56186265021071
3.56186265021071
3.56186265021071
3.56186265021071
3.56186265021071
3.56186265021071
3.56186265021071
3.56186265021071
3.56186265021071
3.56186265021071
3.56186265021071
3.56186265021071
3.56186265021071
3.56186265021071
3.56186265021071
3.56186265021071
3.56186265021071
3.56186265021071
3.56186265021071
3.56186265021071
3.56186265021071
3.56186265021071
3.56186265021071
3.56186265021071
3.56186265021071
3.56186265021071
3.56186265021071
3.56186265021071
3.56186265021071
3.56186265021071
3.56186265021071
3.56186265021071
3.56186265021071
3.56186265021071
3.56186265021071
3.56186265021071
3.56186265021071
3.56186265021071
3.56186265021071
3.56186265021071
3.56186265021071
3.56186265021071
3.56186265021071
3.56186265021071
3.56186265021071
3.56186265021071
3.56186265021071
3.56186265021071
3.56186265021071
3.56186265021071
3.56186265021071
3.56186265021071
3.56186265021071
3.56186265021071
3.56186265021071
3.56186265021071
3.56186265021071
3.56186265021071
3.56186265021071
3.56186265021071
3.56186265021071
3.56186265021071
3.56186265021071
3.56186265021071
3.56186265021071
3.56186265021071
3.56186265021071
3.56186265021071
3.56186265021071
3.56186265021071
3.56186265021071
3.56186265021071
3.56186265021071
3.56186265021071
3.56186265021071
3.56186265021071
3.56186265021071
3.56186265021071
3.56186265021071
3.56186265021071
3.56186265021071
3.56186265021071
3.56186265021071
3.56186265021071
3.56186265021071
3.56186265021071
3.56186265021071
3.56186265021071
3.56186265021071
3.56186265021071
3.56186265021071
3.56186265021071
3.56186265021071
3.56186265021071
3.56186265021071
3.56186265021071
3.56186265021071
3.56186265021071
3.56186265021071
3.56186265021071
3.56186265021071
3.56186265021071
3.56186265021071
3.56186265021071
3.56186265021071
3.56186265021071
3.56186265021071
3.56186265021071
3.56186265021071
3.56186265021071
3.56186265021071
3.56186265021071
3.56186265021071
3.56186265021071
3.56186265021071
3.56186265021071
3.56186265021071
3.56186265021071
3.56186265021071
3.56186265021071
3.56186265021071
3.56186265021071
3.56186265021071
3.56186265021071
3.56186265021071
3.56186265021071
3.56186265021071
3.56186265021071
3.56186265021071
3.56186265021071
3.56186265021071
3.56186265021071
3.56186265021071
3.56186265021071
3.56186265021071
3.56186265021071
3.56186265021071
3.56186265021071
3.56186265021071
3.56186265021071
3.56186265021071
3.56186265021071
3.56186265021071
3.56186265021071
3.56186265021071
3.56186265021071
3.56186265021071
3.56186265021071
3.56186265021071
3.56186265021071
3.56186265021071
3.56186265021071
3.56186265021071
3.56186265021071
3.56186265021071
3.56186265021071
3.56186265021071
3.56186265021071
3.56186265021071
3.56186265021071
3.56186265021071
3.56186265021071
3.56186265021071
3.56186265021071
3.56186265021071
3.56186265021071
3.56186265021071
3.56186265021071
3.56186265021071
3.56186265021071
3.56186265021071
3.56186265021071
3.56186265021071
3.56186265021071
3.56186265021071
3.56186265021071
3.56186265021071
3.56186265021071
3.56186265021071
3.56186265021071
3.56186265021071
3.56186265021071
3.56186265021071
3.56186265021071
3.56186265021071
3.56186265021071
3.56186265021071
3.56186265021071
3.56186265021071
3.56186265021071
3.56186265021071
3.56186265021071
3.56186265021071
3.56186265021071
3.56186265021071
3.56186265021071
3.56186265021071
3.56186265021071
3.56186265021071
3.56186265021071
3.56186265021071
3.56186265021071
3.56186265021071
3.56186265021071
3.56186265021071
3.56186265021071
3.56186265021071
3.56186265021071
3.56186265021071
3.56186265021071
3.56186265021071
3.56186265021071
3.56186265021071
3.56186265021071
3.56186265021071
3.56186265021071
3.56186265021071
3.56186265021071
3.56186265021071
3.56186265021071
3.56186265021071
3.56186265021071
3.56186265021071
3.56186265021071
3.56186265021071
3.56186265021071
3.56186265021071
3.56186265021071
3.56186265021071
3.56186265021071
3.56186265021071
3.56186265021071
3.56186265021071
3.56186265021071
3.56186265021071
3.56186265021071
3.56186265021071
3.56186265021071
3.56186265021071
3.56186265021071
3.56186265021071
3.56186265021071
3.56186265021071
3.56186265021071
3.56186265021071
3.56186265021071
3.56186265021071
3.56186265021071
3.56186265021071
3.56186265021071
3.56186265021071
3.56186265021071
3.56186265021071
3.56186265021071
3.56186265021071
3.56186265021071
3.56186265021071
3.56186265021071
3.56186265021071
3.56186265021071
3.56186265021071
3.56186265021071
3.56186265021071
3.56186265021071
3.56186265021071
3.56186265021071
3.56186265021071
3.56186265021071
3.56186265021071
3.56186265021071
3.56186265021071
3.56186265021071
3.56186265021071
3.56186265021071
3.56186265021071
3.56186265021071
3.56186265021071
3.56186265021071
3.56186265021071
3.56186265021071
3.56186265021071
3.56186265021071
3.56186265021071
3.56186265021071
3.56186265021071
3.56186265021071
3.56186265021071
3.56186265021071
3.56186265021071
3.56186265021071
3.56186265021071
3.56186265021071
3.56186265021071
3.56186265021071
3.56186265021071
3.56186265021071
3.56186265021071
3.56186265021071
3.56186265021071
3.56186265021071
3.56186265021071
3.56186265021071
3.56186265021071
3.56186265021071
3.56186265021071
3.56186265021071
3.56186265021071
3.56186265021071
3.56186265021071
3.56186265021071
3.56186265021071
3.56186265021071
3.56186265021071
3.56186265021071
3.56186265021071
3.56186265021071
3.56186265021071
3.56186265021071
3.56186265021071
3.56186265021071
3.56186265021071
3.56186265021071
3.56186265021071
3.56186265021071
3.56186265021071
3.56186265021071
3.56186265021071
3.56186265021071
3.56186265021071
3.56186265021071
3.56186265021071
3.56186265021071
3.56186265021071
3.56186265021071
3.56186265021071
3.56186265021071
3.56186265021071
3.56186265021071
3.56186265021071
3.56186265021071
3.56186265021071
3.56186265021071
3.56186265021071
3.56186265021071
3.56186265021071
3.56186265021071
3.56186265021071
3.56186265021071
3.56186265021071
3.56186265021071
3.56186265021071
3.56186265021071
3.56186265021071
3.56186265021071
3.56186265021071
3.56186265021071
3.56186265021071
3.56186265021071
3.56186265021071
3.56186265021071
3.56186265021071
3.56186265021071
3.56186265021071
3.56186265021071
3.56186265021071
3.56186265021071
3.56186265021071
3.56186265021071
3.56186265021071
3.56186265021071
3.56186265021071
3.56186265021071
3.56186265021071
3.56186265021071
3.56186265021071
3.56186265021071
3.56186265021071
3.56186265021071
3.56186265021071
3.56186265021071
3.56186265021071
3.56186265021071
3.56186265021071
3.56186265021071
3.56186265021071
3.56186265021071
3.56186265021071
3.56186265021071
3.56186265021071
3.56186265021071
3.56186265021071
3.56186265021071
3.56186265021071
3.56186265021071
3.56186265021071
3.56186265021071
3.56186265021071
3.56186265021071
3.56186265021071
3.56186265021071
3.56186265021071
3.56186265021071
3.56186265021071
3.56186265021071
3.56186265021071
3.56186265021071
3.56186265021071
3.56186265021071
3.56186265021071
3.56186265021071
3.56186265021071
3.56186265021071
3.56186265021071
3.56186265021071
3.56186265021071
3.56186265021071
3.56186265021071
3.56186265021071
3.56186265021071
3.56186265021071
3.56186265021071
3.56186265021071
3.56186265021071
3.56186265021071
3.56186265021071
3.56186265021071
3.56186265021071
3.56186265021071
3.56186265021071
3.56186265021071
3.56186265021071
3.56186265021071
3.56186265021071
3.56186265021071
3.56186265021071
3.56186265021071
3.56186265021071
3.56186265021071
3.56186265021071
3.56186265021071
3.56186265021071
3.56186265021071
3.56186265021071
3.56186265021071
3.56186265021071
3.56186265021071
3.56186265021071
3.56186265021071
3.56186265021071
3.56186265021071
3.56186265021071
3.56186265021071
3.56186265021071
3.56186265021071
3.56186265021071
3.56186265021071
3.56186265021071
3.56186265021071
3.56186265021071
3.56186265021071
3.56186265021071
3.56186265021071
3.56186265021071
3.56186265021071
3.56186265021071
3.56186265021071
3.56186265021071
3.56186265021071
3.56186265021071
3.56186265021071
3.56186265021071
3.56186265021071
3.56186265021071
3.56186265021071
3.56186265021071
3.56186265021071
3.56186265021071
3.56186265021071
3.56186265021071
3.56186265021071
3.56186265021071
3.56186265021071
3.56186265021071
3.56186265021071
3.56186265021071
3.56186265021071
3.56186265021071
3.56186265021071
3.56186265021071
3.56186265021071
3.56186265021071
3.56186265021071
3.56186265021071
3.56186265021071
3.56186265021071
3.56186265021071
3.56186265021071
3.56186265021071
3.56186265021071
3.56186265021071
3.56186265021071
3.56186265021071
3.56186265021071
3.56186265021071
3.56186265021071
3.56186265021071
3.56186265021071
3.56186265021071
3.56186265021071
3.56186265021071
3.56186265021071
3.56186265021071
3.56186265021071
3.56186265021071
3.56186265021071
3.56186265021071
3.56186265021071
3.56186265021071
3.56186265021071
3.56186265021071
3.56186265021071
3.56186265021071
3.56186265021071
3.56186265021071
3.56186265021071
3.56186265021071
3.56186265021071
3.56186265021071
3.56186265021071
3.56186265021071
3.56186265021071
3.56186265021071
3.56186265021071
3.56186265021071
3.56186265021071
3.56186265021071
3.56186265021071
3.56186265021071
3.56186265021071
3.56186265021071
3.56186265021071
3.56186265021071
3.56186265021071
3.56186265021071
3.56186265021071
3.56186265021071
3.56186265021071
3.56186265021071
3.56186265021071
3.56186265021071
3.56186265021071
3.56186265021071
3.56186265021071
3.56186265021071
3.56186265021071
3.56186265021071
3.56186265021071
3.56186265021071
3.56186265021071
3.56186265021071
3.56186265021071
3.56186265021071
3.56186265021071
3.56186265021071
3.56186265021071
3.56186265021071
3.56186265021071
3.56186265021071
3.56186265021071
3.56186265021071
3.56186265021071
3.56186265021071
3.56186265021071
3.56186265021071
3.56186265021071
3.56186265021071
3.56186265021071
3.56186265021071
3.56186265021071
3.56186265021071
3.56186265021071
3.56186265021071
3.56186265021071
3.56186265021071
3.56186265021071
3.56186265021071
3.56186265021071
3.56186265021071
3.56186265021071
3.56186265021071
3.56186265021071
3.56186265021071
3.56186265021071
3.56186265021071
3.56186265021071
3.56186265021071
3.56186265021071
3.56186265021071
3.56186265021071
3.56186265021071
3.56186265021071
3.56186265021071
3.56186265021071
3.56186265021071
3.56186265021071
3.56186265021071
3.56186265021071
3.56186265021071
3.56186265021071
3.56186265021071
3.56186265021071
3.56186265021071
3.56186265021071
3.56186265021071
3.56186265021071
3.56186265021071
3.56186265021071
3.56186265021071
3.56186265021071
3.56186265021071
3.56186265021071
3.56186265021071
3.56186265021071
3.56186265021071
3.56186265021071
3.56186265021071
3.56186265021071
3.56186265021071
3.56186265021071
3.56186265021071
3.56186265021071
3.56186265021071
3.56186265021071
3.56186265021071
3.56186265021071
3.56186265021071
3.56186265021071
3.56186265021071
3.56186265021071
3.56186265021071
3.56186265021071
3.56186265021071
3.56186265021071
3.56186265021071
3.56186265021071
3.56186265021071
3.56186265021071
3.56186265021071
3.56186265021071
3.56186265021071
3.56186265021071
3.56186265021071
3.56186265021071
3.56186265021071
3.56186265021071
3.56186265021071
3.56186265021071
3.56186265021071
3.56186265021071
3.56186265021071
3.56186265021071
3.56186265021071
3.56186265021071
3.56186265021071
3.56186265021071
3.56186265021071
3.56186265021071
3.56186265021071
3.56186265021071
3.56186265021071
3.56186265021071
3.56186265021071
3.56186265021071
3.56186265021071
3.56186265021071
3.56186265021071
3.56186265021071
3.56186265021071
3.56186265021071
3.56186265021071
3.56186265021071
3.56186265021071
3.56186265021071
3.56186265021071
3.56186265021071
3.56186265021071
3.56186265021071
3.56186265021071
3.56186265021071
3.56186265021071
3.56186265021071
3.56186265021071
3.56186265021071
3.56186265021071
3.56186265021071
3.56186265021071
3.56186265021071
3.56186265021071
3.56186265021071
3.56186265021071
3.56186265021071
3.56186265021071
3.56186265021071
3.56186265021071
3.56186265021071
3.56186265021071
3.56186265021071
3.56186265021071
3.56186265021071
3.56186265021071
3.56186265021071
3.56186265021071
3.56186265021071
3.56186265021071
3.56186265021071
3.56186265021071
3.56186265021071
3.56186265021071
3.56186265021071
3.56186265021071
3.56186265021071
3.56186265021071
3.56186265021071
3.56186265021071
3.56186265021071
3.56186265021071
3.56186265021071
3.56186265021071
3.56186265021071
3.56186265021071
3.56186265021071
3.56186265021071
3.56186265021071
3.56186265021071
3.56186265021071
3.56186265021071
3.56186265021071
3.56186265021071
3.56186265021071
3.56186265021071
3.56186265021071
3.56186265021071
3.56186265021071
3.56186265021071
3.56186265021071
3.56186265021071
3.56186265021071
3.56186265021071
3.56186265021071
3.56186265021071
3.56186265021071
3.56186265021071
3.56186265021071
3.56186265021071
3.56186265021071
3.56186265021071
3.56186265021071
3.56186265021071
3.56186265021071
3.56186265021071
3.56186265021071
3.56186265021071
3.56186265021071
3.56186265021071
3.56186265021071
3.56186265021071
3.56186265021071
3.56186265021071
3.56186265021071
3.56186265021071
3.56186265021071
3.56186265021071
3.56186265021071
3.56186265021071
3.56186265021071
3.56186265021071
3.56186265021071
3.56186265021071
3.56186265021071
3.56186265021071
3.56186265021071
3.56186265021071
3.56186265021071
3.56186265021071
3.56186265021071
3.56186265021071
3.56186265021071
3.56186265021071
3.56186265021071
3.56186265021071
3.56186265021071
3.56186265021071
3.56186265021071
3.56186265021071
3.56186265021071
3.56186265021071
3.56186265021071
3.56186265021071
3.56186265021071
3.56186265021071
3.56186265021071
3.56186265021071
3.56186265021071
3.56186265021071
3.56186265021071
3.56186265021071
3.56186265021071
3.56186265021071
3.56186265021071
3.56186265021071
3.56186265021071
3.56186265021071
3.56186265021071
3.56186265021071
3.56186265021071
3.56186265021071
3.56186265021071
3.56186265021071
3.56186265021071
3.56186265021071
3.56186265021071
3.56186265021071
3.56186265021071
3.56186265021071
3.56186265021071
3.56186265021071
3.56186265021071
3.56186265021071
3.56186265021071
3.56186265021071
3.56186265021071
3.56186265021071
3.56186265021071
3.56186265021071
3.56186265021071
3.56186265021071
3.56186265021071
3.56186265021071
3.56186265021071
3.56186265021071
3.56186265021071
3.56186265021071
3.56186265021071
3.56186265021071
3.56186265021071
3.56186265021071
3.56186265021071
3.56186265021071
3.56186265021071
3.56186265021071
3.56186265021071
3.56186265021071
3.56186265021071
3.56186265021071
3.56186265021071
3.56186265021071
3.56186265021071
3.56186265021071
3.56186265021071
3.56186265021071
3.56186265021071
3.56186265021071
3.56186265021071
3.56186265021071
3.56186265021071
3.56186265021071
3.56186265021071
3.56186265021071
3.56186265021071
3.56186265021071
3.56186265021071
3.56186265021071
3.56186265021071
3.56186265021071
3.56186265021071
3.56186265021071
3.56186265021071
3.56186265021071
3.56186265021071
3.56186265021071
3.56186265021071
3.56186265021071
3.56186265021071
3.56186265021071
3.56186265021071
3.56186265021071
3.56186265021071
3.56186265021071
3.56186265021071
3.56186265021071
3.56186265021071
3.56186265021071
3.56186265021071
3.56186265021071
3.56186265021071
3.56186265021071
3.56186265021071
3.56186265021071
3.56186265021071
3.56186265021071
3.56186265021071
3.56186265021071
3.56186265021071
3.56186265021071
3.56186265021071
3.56186265021071
3.56186265021071
3.56186265021071
3.56186265021071
3.56186265021071
3.56186265021071
3.56186265021071
3.56186265021071
3.56186265021071
3.56186265021071
3.56186265021071
3.56186265021071
3.56186265021071
3.56186265021071
3.56186265021071
3.56186265021071
3.56186265021071
3.56186265021071
3.56186265021071
3.56186265021071
3.56186265021071
3.56186265021071
3.56186265021071
3.56186265021071
3.56186265021071
3.56186265021071
3.56186265021071
3.56186265021071
3.56186265021071
3.56186265021071
3.56186265021071
3.56186265021071
3.56186265021071
3.56186265021071
3.56186265021071
3.56186265021071
3.56186265021071
3.56186265021071
3.56186265021071
3.56186265021071
3.56186265021071
3.56186265021071
3.56186265021071
3.56186265021071
3.56186265021071
3.56186265021071
3.56186265021071
3.56186265021071
3.56186265021071
3.56186265021071
3.56186265021071
3.56186265021071
3.56186265021071
3.56186265021071
3.56186265021071
3.56186265021071
3.56186265021071
3.56186265021071
3.56186265021071
3.56186265021071
3.56186265021071
3.56186265021071
3.56186265021071
3.56186265021071
3.56186265021071
3.56186265021071
3.56186265021071
3.56186265021071
3.56186265021071
3.56186265021071
3.56186265021071
3.56186265021071
3.56186265021071
3.56186265021071
3.56186265021071
3.56186265021071
3.56186265021071
3.56186265021071
3.56186265021071
3.56186265021071
3.56186265021071
3.56186265021071
3.56186265021071
3.56186265021071
3.56186265021071
3.56186265021071
3.56186265021071
3.56186265021071
3.56186265021071
3.56186265021071
3.56186265021071
3.56186265021071
3.56186265021071
3.56186265021071
3.56186265021071
3.56186265021071
3.56186265021071
3.56186265021071
3.56186265021071
3.56186265021071
3.56186265021071
3.56186265021071
3.56186265021071
3.56186265021071
3.56186265021071
3.56186265021071
3.56186265021071
3.56186265021071
3.56186265021071
3.56186265021071
3.56186265021071
3.56186265021071
3.56186265021071
3.56186265021071
3.56186265021071
3.56186265021071
3.56186265021071
3.56186265021071
3.56186265021071
3.56186265021071
3.56186265021071
3.56186265021071
3.56186265021071
3.56186265021071
3.56186265021071
3.56186265021071
3.56186265021071
3.56186265021071
3.56186265021071
3.56186265021071
3.56186265021071
3.56186265021071
3.56186265021071
3.56186265021071
3.56186265021071
3.56186265021071
3.56186265021071
3.56186265021071
3.56186265021071
3.56186265021071
3.56186265021071
3.56186265021071
3.56186265021071
3.56186265021071
3.56186265021071
3.56186265021071
3.56186265021071
3.56186265021071
3.56186265021071
3.56186265021071
3.56186265021071
3.56186265021071
3.56186265021071
3.56186265021071
3.56186265021071
3.56186265021071
3.56186265021071
3.56186265021071
3.56186265021071
3.56186265021071
3.56186265021071
3.56186265021071
3.56186265021071
3.56186265021071
3.56186265021071
3.56186265021071
3.56186265021071
3.56186265021071
3.56186265021071
3.56186265021071
3.56186265021071
3.56186265021071
3.56186265021071
3.56186265021071
3.56186265021071
3.56186265021071
3.56186265021071
3.56186265021071
3.56186265021071
3.56186265021071
3.56186265021071
3.56186265021071
3.56186265021071
3.56186265021071
3.56186265021071
3.56186265021071
3.56186265021071
3.56186265021071
3.56186265021071
3.56186265021071
3.56186265021071
3.56186265021071
3.56186265021071
3.56186265021071
3.56186265021071
3.56186265021071
3.56186265021071
3.56186265021071
3.56186265021071
3.56186265021071
3.56186265021071
3.56186265021071
3.56186265021071
3.56186265021071
3.56186265021071
3.56186265021071
3.56186265021071
3.56186265021071
3.56186265021071
3.56186265021071
3.56186265021071
3.56186265021071
3.56186265021071
3.56186265021071
3.56186265021071
3.56186265021071
3.56186265021071
3.56186265021071
3.56186265021071
3.56186265021071
3.56186265021071
3.56186265021071
3.56186265021071
3.56186265021071
3.56186265021071
3.56186265021071
3.56186265021071
3.56186265021071
3.56186265021071
3.56186265021071
3.56186265021071
3.56186265021071
3.56186265021071
3.56186265021071
3.56186265021071
3.56186265021071
3.56186265021071
3.56186265021071
3.56186265021071
3.56186265021071
3.56186265021071
3.56186265021071
3.56186265021071
3.56186265021071
3.56186265021071
3.56186265021071
3.56186265021071
3.56186265021071
3.56186265021071
3.56186265021071
3.56186265021071
3.56186265021071
3.56186265021071
3.56186265021071
3.56186265021071
3.56186265021071
3.56186265021071
3.56186265021071
3.56186265021071
3.56186265021071
3.56186265021071
3.56186265021071
3.56186265021071
3.56186265021071
3.56186265021071
3.56186265021071
3.56186265021071
3.56186265021071
3.56186265021071
3.56186265021071
3.56186265021071
3.56186265021071
3.56186265021071
3.5640965402140754
3.5662830609150387
3.568336422505313
3.5702647343747387
3.572075612051316
3.572075612051316
3.572075612051316
3.572075612051316
3.580417755006348
3.5998803137264606
3.618157602620519
3.629231804620929
3.6396315877195136
3.649398024027395
3.652479684364126
3.65537367158635
3.6580914149867407
3.6667336478140466
3.67484956866217
3.682471229930643
3.695718732027867
3.7081594612473694
3.719842550057404
3.719842550057404
3.719842550057404
3.719842550057404
3.719842550057404
3.719842550057404
3.719842550057404
3.719842550057404
3.719842550057404
3.719842550057404
3.719842550057404
3.719842550057404
3.719842550057404
3.7213493449096937
3.726139169804693
3.7306372943635857
3.7306372943635857
3.7306372943635857
3.7306372943635857
3.7306372943635857
3.7306372943635857
3.7306372943635857
3.7306372943635857
3.7306372943635857
3.7306372943635857
3.7306372943635857
3.7306372943635857
3.7306372943635857
3.7306372943635857
3.7306372943635857
3.7306372943635857
3.7306372943635857
3.7306372943635857
3.7306372943635857
3.7306372943635857
3.7306372943635857
3.7306372943635857
3.7326108774939115
3.748894875054532
3.764187177163711
3.7785481780744394
3.7920345940297064
3.804699687253297
3.804699687253297
3.804699687253297
3.804699687253297
3.804699687253297
3.804699687253297
3.804699687253297
3.804699687253297
3.804699687253297
3.804699687253297
3.804699687253297
3.804699687253297
3.804699687253297
3.804699687253297
3.804699687253297
3.804699687253297
3.804699687253297
3.804699687253297
3.804699687253297
3.804699687253297
3.804699687253297
3.804699687253297
3.804699687253297
3.804699687253297
3.804699687253297
3.813339552936725
3.824707174162878
3.835382507256357
3.8758577125644447
3.9138679778692698
3.9495634180170303
3.9526350058597917
3.9555195340029297
3.958228394382152
3.9607722851642784
3.9631612529977733
3.9654047326902084
3.9736015844693746
3.9812992479751887
3.9885281237734986
4.0135867610356915
4.037119327288618
4.059218760256741
4.073882337757105
4.087652903387697
4.100584841571386
4.124909224719689
4.14775225293426
4.169204140730563
4.169204140730563
4.169204140730563
4.169204140730563
4.169204140730563
4.169204140730563
4.169204140730563
4.169204140730563
4.169204140730563
4.169204140730563
4.169204140730563
4.169204140730563
4.169204140730563
4.169204140730563
4.169204140730563
4.169204140730563
4.169204140730563
4.169204140730563
4.169204140730563
4.169204140730563
4.169204140730563
4.169204140730563
4.169204140730563
4.169204140730563
4.169204140730563
4.169204140730563
4.169204140730563
4.169204140730563
4.169204140730563
4.169204140730563
4.169204140730563
4.169204140730563
4.169204140730563
4.169204140730563
4.169204140730563
4.169204140730563
4.169204140730563
4.169204140730563
4.169204140730563
4.169204140730563
4.169204140730563
4.169204140730563
4.169204140730563
4.169204140730563
4.169204140730563
4.169204140730563
4.169204140730563
4.169204140730563
4.169204140730563
4.169204140730563
4.169204140730563
4.169204140730563
4.169204140730563
4.169204140730563
4.169204140730563
4.169204140730563
4.169204140730563
4.169204140730563
4.169204140730563
4.169204140730563
4.169204140730563
4.169204140730563
4.169204140730563
4.169204140730563
4.169204140730563
4.169204140730563
4.169204140730563
4.169204140730563
4.169204140730563
4.169204140730563
4.169204140730563
4.169204140730563
4.169204140730563
4.169204140730563
4.169204140730563
4.169204140730563
4.169204140730563
4.169204140730563
4.169204140730563
4.169204140730563
4.169204140730563
4.1739887819302695
4.187752865110715
4.187752865110715
4.187752865110715
4.187752865110715
4.187752865110715
4.187752865110715
4.187752865110715
4.187752865110715
4.187752865110715
4.187752865110715
4.187752865110715
4.187752865110715
4.187752865110715
4.187752865110715
4.187752865110715
4.187752865110715
4.187752865110715
4.187752865110715
4.187752865110715
4.187752865110715
4.187752865110715
4.187752865110715
4.187752865110715
4.187752865110715
4.187752865110715
4.187752865110715
4.187752865110715
4.187752865110715
4.187752865110715
4.187752865110715
4.187752865110715
4.187752865110715
4.187752865110715
4.187752865110715
4.187752865110715
4.187752865110715
4.187752865110715
4.187752865110715
4.187752865110715
4.187752865110715
4.187752865110715
4.187752865110715
4.187752865110715
4.187752865110715
4.187752865110715
4.187752865110715
4.187752865110715
4.187752865110715
4.187752865110715
4.187752865110715
4.187752865110715
4.187752865110715
4.187752865110715
4.187752865110715
4.187752865110715
4.187752865110715
4.187752865110715
4.187752865110715
4.187752865110715
4.187752865110715
4.187752865110715
4.187752865110715
4.187752865110715
4.187752865110715
4.187752865110715
4.187752865110715
4.187752865110715
4.187752865110715
4.187752865110715
4.187752865110715
4.187752865110715
4.187752865110715
4.187752865110715
4.187752865110715
4.187752865110715
4.187752865110715
4.187752865110715
4.187752865110715
4.187752865110715
4.187752865110715
4.187752865110715
4.187752865110715
4.187752865110715
4.187752865110715
4.187752865110715
4.187752865110715
4.187752865110715
4.187752865110715
4.187752865110715
4.187752865110715
4.187752865110715
4.187752865110715
4.187752865110715
4.187752865110715
4.187752865110715
4.187752865110715
4.187752865110715
4.187752865110715
4.187752865110715
4.187752865110715
4.187752865110715
4.187752865110715
4.187752865110715
4.187752865110715
4.187752865110715
4.187752865110715
4.187752865110715
4.187752865110715
4.187752865110715
4.187752865110715
4.187752865110715
4.187752865110715
4.187752865110715
4.187752865110715
4.187752865110715
4.187752865110715
4.187752865110715
4.187752865110715
4.187752865110715
4.187752865110715
4.187752865110715
4.187752865110715
4.187752865110715
4.187752865110715
4.187752865110715
4.187752865110715
4.187752865110715
4.187752865110715
4.187752865110715
4.187752865110715
4.187752865110715
4.187752865110715
4.187752865110715
4.187752865110715
4.187752865110715
4.187752865110715
4.187752865110715
4.187752865110715
4.187752865110715
4.187752865110715
4.187752865110715
4.187752865110715
4.187752865110715
4.187752865110715
4.187752865110715
4.187752865110715
4.187752865110715
4.187752865110715
4.187752865110715
4.187752865110715
4.187752865110715
4.187752865110715
4.187752865110715
4.187752865110715
4.187752865110715
4.187752865110715
4.187752865110715
4.187752865110715
4.187752865110715
4.187752865110715
4.187752865110715
4.187752865110715
4.187752865110715
4.187752865110715
4.187752865110715
4.187752865110715
4.187752865110715
4.187752865110715
4.187752865110715
4.187752865110715
4.187752865110715
4.187752865110715
4.187752865110715
4.187752865110715
4.187752865110715
4.187752865110715
4.187752865110715
4.187752865110715
4.187752865110715
4.187752865110715
4.187752865110715
4.187752865110715
4.187752865110715
4.187752865110715
4.187752865110715
4.187752865110715
4.187752865110715
4.187752865110715
4.187752865110715
4.187752865110715
4.187752865110715
4.187752865110715
4.187752865110715
4.187752865110715
4.187752865110715
4.187752865110715
4.187752865110715
4.187752865110715
4.187752865110715
4.187752865110715
4.187752865110715
4.187752865110715
4.187752865110715
4.187752865110715
4.187752865110715
4.187752865110715
4.187752865110715
4.187752865110715
4.187752865110715
4.187752865110715
4.187752865110715
4.187752865110715
4.187752865110715
4.187752865110715
4.187752865110715
4.187752865110715
4.187752865110715
4.187752865110715
4.187752865110715
4.187752865110715
4.187752865110715
4.187752865110715
4.187752865110715
4.187752865110715
4.187752865110715
4.187752865110715
4.187752865110715
4.187752865110715
4.187752865110715
4.187752865110715
4.187752865110715
4.187752865110715
4.187752865110715
4.187752865110715
4.187752865110715
4.187752865110715
4.187752865110715
4.187752865110715
4.187752865110715
4.187752865110715
4.187752865110715
4.187752865110715
4.187752865110715
4.187752865110715
4.187752865110715
4.187752865110715
4.187752865110715
4.187752865110715
4.187752865110715
4.187752865110715
4.187752865110715
4.187752865110715
4.187752865110715
4.187752865110715
4.187752865110715
4.187752865110715
4.187752865110715
4.187752865110715
4.187752865110715
4.187752865110715
4.187752865110715
4.187752865110715
4.187752865110715
4.187752865110715
4.187752865110715
4.187752865110715
4.187752865110715
4.187752865110715
4.187752865110715
4.187752865110715
4.187752865110715
4.187752865110715
4.187752865110715
4.187752865110715
4.187752865110715
4.187752865110715
4.187752865110715
4.187752865110715
4.187752865110715
4.187752865110715
4.187752865110715
4.187752865110715
4.187752865110715
4.187752865110715
4.187752865110715
4.187752865110715
4.187752865110715
4.187752865110715
4.187752865110715
4.187752865110715
4.187752865110715
4.187752865110715
4.187752865110715
4.187752865110715
4.187752865110715
4.187752865110715
4.187752865110715
4.187752865110715
4.187752865110715
4.187752865110715
4.187752865110715
4.187752865110715
4.187752865110715
4.187752865110715
4.187752865110715
4.187752865110715
4.187752865110715
4.187752865110715
4.187752865110715
4.187752865110715
4.187752865110715
4.187752865110715
4.187752865110715
4.187752865110715
4.187752865110715
4.187752865110715
4.187752865110715
4.187752865110715
4.187752865110715
4.187752865110715
4.187752865110715
4.187752865110715
4.187752865110715
4.187752865110715
4.187752865110715
4.187752865110715
4.187752865110715
4.187752865110715
4.187752865110715
4.187752865110715
4.187752865110715
4.187752865110715
4.187752865110715
4.187752865110715
4.187752865110715
4.187752865110715
4.187752865110715
4.187752865110715
4.187752865110715
4.187752865110715
4.187752865110715
4.187752865110715
4.187752865110715
4.187752865110715
4.187752865110715
4.187752865110715
4.187752865110715
4.187752865110715
4.187752865110715
4.187752865110715
4.187752865110715
4.187752865110715
4.187752865110715
4.187752865110715
4.187752865110715
4.187752865110715
4.187752865110715
4.187752865110715
4.187752865110715
4.187752865110715
4.187752865110715
4.187752865110715
4.187752865110715
4.187752865110715
4.187752865110715
4.187752865110715
4.187752865110715
4.187752865110715
4.187752865110715
4.187752865110715
4.187752865110715
4.187752865110715
4.187752865110715
4.187752865110715
4.187752865110715
4.187752865110715
4.187752865110715
4.187752865110715
4.187752865110715
4.187752865110715
4.187752865110715
4.187752865110715
4.187752865110715
4.187752865110715
4.187752865110715
4.187752865110715
4.187752865110715
4.187752865110715
4.187752865110715
4.187752865110715
4.187752865110715
4.187752865110715
4.187752865110715
4.187752865110715
4.187752865110715
4.187752865110715
4.187752865110715
4.187752865110715
4.187752865110715
4.187752865110715
4.187752865110715
4.187752865110715
4.187752865110715
4.187752865110715
4.187752865110715
4.187752865110715
4.187752865110715
4.187752865110715
4.187752865110715
4.187752865110715
4.187752865110715
4.187752865110715
4.187752865110715
4.187752865110715
4.187752865110715
4.187752865110715
4.187752865110715
4.187752865110715
4.187752865110715
4.187752865110715
4.187752865110715
4.187752865110715
4.187752865110715
4.187752865110715
4.187752865110715
4.187752865110715
4.187752865110715
4.187752865110715
4.187752865110715
4.187752865110715
4.187752865110715
4.187752865110715
4.187752865110715
4.187752865110715
4.187752865110715
4.187752865110715
4.187752865110715
4.187752865110715
4.187752865110715
4.187752865110715
4.187752865110715
4.187752865110715
4.187752865110715
4.187752865110715
4.187752865110715
4.187752865110715
4.187752865110715
4.187752865110715
4.187752865110715
4.187752865110715
4.187752865110715
4.187752865110715
4.187752865110715
4.187752865110715
4.187752865110715
4.187752865110715
4.187752865110715
4.187752865110715
4.187752865110715
4.187752865110715
4.187752865110715
4.187752865110715
4.187752865110715
4.187752865110715
4.187752865110715
4.187752865110715
4.187752865110715
4.187752865110715
4.187752865110715
4.187752865110715
4.187752865110715
4.187752865110715
4.187752865110715
4.187752865110715
4.187752865110715
4.187752865110715
4.187752865110715
4.187752865110715
4.187752865110715
4.187752865110715
4.187752865110715
4.187752865110715
4.187752865110715
4.187752865110715
4.187752865110715
4.187752865110715
4.187752865110715
4.187752865110715
4.187752865110715
4.187752865110715
4.187752865110715
4.187752865110715
4.187752865110715
4.187752865110715
4.187752865110715
4.187752865110715
4.187752865110715
4.187752865110715
4.187752865110715
4.187752865110715
4.187752865110715
4.187752865110715
4.187752865110715
4.187752865110715
4.187752865110715
4.187752865110715
4.187752865110715
4.187752865110715
4.187752865110715
4.187752865110715
4.187752865110715
4.187752865110715
4.187752865110715
4.187752865110715
4.187752865110715
4.187752865110715
4.187752865110715
4.187752865110715
4.187752865110715
4.187752865110715
4.187752865110715
4.187752865110715
4.187752865110715
4.187752865110715
4.187752865110715
4.187752865110715
4.187752865110715
4.187752865110715
4.187752865110715
4.187752865110715
4.187752865110715
4.187752865110715
4.187752865110715
4.187752865110715
4.187752865110715
4.195761291822393
4.195761291822393
4.195761291822393
4.195761291822393
4.195761291822393
4.195761291822393
4.195761291822393
4.195761291822393
4.195761291822393
4.208891042652559
4.208891042652559
4.208891042652559
4.208891042652559
4.208891042652559
4.208891042652559
4.208891042652559
4.208891042652559
4.210503399329997
4.228133742310799
4.228133742310799
4.228133742310799
4.228133742310799
4.228133742310799
4.228133742310799
4.228133742310799
4.228133742310799
4.228133742310799
4.228133742310799
4.228133742310799
4.228133742310799
4.261952083371485
4.261952083371485
4.261952083371485
4.261952083371485
4.261952083371485
4.261952083371485
4.261952083371485
4.261952083371485
4.2662999303794376
4.274442264619329
4.282088730704011
4.289269527004136
4.296013012809584
4.30234582032948
4.308292959871414
4.313877918615244
4.343482753371576
4.371284653691246
4.39739341828145
4.42191215910811
4.444937708618426
4.466561002163563
4.466561002163563
4.466561002163563
4.466561002163563
4.466561002163563
4.466561002163563
4.466561002163563
4.467234862082338
4.487500258981524
4.5065314932095495
4.5065314932095495
4.5065314932095495
4.5065314932095495
4.507216269642908
4.525046798821655
4.541791448773416
4.541791448773416
4.541791448773416
4.541791448773416
4.541791448773416
4.541791448773416
4.541791448773416
4.541791448773416
4.541791448773416
4.54631661188954
4.561765930225467
4.576274385074735
4.589899275023684
4.589899275023684
4.589899275023684
4.589899275023684
4.589899275023684
4.589899275023684
4.589899275023684
4.601173510768174
4.619372043962391
4.636462286485081
4.636462286485081
4.636462286485081
4.636462286485081
4.636462286485081
4.636462286485081
4.636462286485081
4.636462286485081
4.636462286485081
4.636462286485081
4.636462286485081
4.636462286485081
4.636462286485081
4.636462286485081
4.636462286485081
4.636462286485081
4.636462286485081
4.636462286485081
4.636462286485081
4.636462286485081
4.636462286485081
4.636462286485081
4.636462286485081
4.636462286485081
4.636462286485081
4.636462286485081
4.636462286485081
4.636462286485081
4.636462286485081
4.636462286485081
4.636462286485081
4.636462286485081
4.636462286485081
4.636462286485081
4.636462286485081
4.636462286485081
4.636462286485081
4.636462286485081
4.636462286485081
4.636462286485081
4.636462286485081
4.636462286485081
4.636462286485081
4.636462286485081
4.636462286485081
4.636462286485081
4.636462286485081
4.636462286485081
4.636462286485081
4.636462286485081
4.636462286485081
4.636462286485081
4.636462286485081
4.636462286485081
4.636462286485081
4.636462286485081
4.636462286485081
4.636462286485081
4.636462286485081
4.636462286485081
4.636462286485081
4.636462286485081
4.636462286485081
4.636462286485081
4.636462286485081
4.636462286485081
4.636462286485081
4.636462286485081
4.636462286485081
4.636462286485081
4.636462286485081
4.636462286485081
4.636462286485081
4.636462286485081
4.636462286485081
4.636462286485081
4.636462286485081
4.636462286485081
4.636462286485081
4.636462286485081
4.636462286485081
4.636462286485081
4.636462286485081
4.636462286485081
4.636462286485081
4.636462286485081
4.636462286485081
4.636462286485081
4.636462286485081
4.636462286485081
4.636462286485081
4.636462286485081
4.636462286485081
4.636462286485081
4.636462286485081
4.636462286485081
4.636462286485081
4.636462286485081
4.636462286485081
4.636462286485081
4.636462286485081
4.636462286485081
4.636462286485081
4.636462286485081
4.636462286485081
4.636462286485081
4.636462286485081
4.636462286485081
4.636462286485081
4.636462286485081
4.636462286485081
4.636462286485081
4.636462286485081
4.636462286485081
4.647338343533249
4.647338343533249
4.647338343533249
4.647338343533249
4.647338343533249
4.647338343533249
4.647338343533249
4.647338343533249
4.647338343533249
4.647338343533249
4.647338343533249
4.647338343533249
4.662027620804521
4.676520138697525
4.690130062250844
4.702911141459768
4.702911141459768
4.702911141459768
4.702911141459768
4.702911141459768
4.702911141459768
4.704948303649283
4.710736951957042
4.716173071582858
4.721278131523462
4.721278131523462
4.721278131523462
4.721278131523462
4.721278131523462
4.724008585712201
4.734726462842327
4.744791621255229
4.754243811520785
4.763120363399168
4.763120363399168
4.763120363399168
4.763120363399168
4.763120363399168
4.763120363399168
4.763120363399168
4.763120363399168
4.763120363399168
4.763120363399168
4.763120363399168
4.763120363399168
4.763120363399168
4.763120363399168
4.763120363399168
4.763120363399168
4.763120363399168
4.763120363399168
4.763120363399168
4.763120363399168
4.763120363399168
4.763120363399168
4.763120363399168
4.763120363399168
4.763120363399168
4.763120363399168
4.763120363399168
4.763120363399168
4.763120363399168
4.763120363399168
4.763120363399168
4.763120363399168
4.763120363399168
4.763120363399168
4.763120363399168
4.763120363399168
4.763120363399168
4.763120363399168
4.763120363399168
4.763120363399168
4.763120363399168
4.763120363399168
4.763120363399168
4.763120363399168
4.763120363399168
4.763120363399168
4.763120363399168
4.763120363399168
4.763120363399168
4.763120363399168
4.763120363399168
4.763120363399168
4.763120363399168
4.763120363399168
4.763120363399168
4.763120363399168
4.763120363399168
4.763120363399168
4.763120363399168
4.763120363399168
4.763120363399168
4.763120363399168
4.763120363399168
4.763120363399168
4.763120363399168
4.763120363399168
4.763120363399168
4.763120363399168
4.763120363399168
4.763120363399168
4.763120363399168
4.763120363399168
4.763120363399168
4.763120363399168
4.763120363399168
4.763120363399168
4.763120363399168
4.763120363399168
4.763120363399168
4.763120363399168
4.763120363399168
4.763120363399168
4.763120363399168
4.763120363399168
4.763120363399168
4.763120363399168
4.763120363399168
4.763120363399168
4.763120363399168
4.763120363399168
4.763120363399168
4.763120363399168
4.763120363399168
4.763120363399168
4.763120363399168
4.763120363399168
4.763120363399168
4.763120363399168
4.763120363399168
4.763120363399168
4.763120363399168
4.763120363399168
4.763120363399168
4.763120363399168
4.763120363399168
4.763120363399168
4.763120363399168
4.763120363399168
4.763120363399168
4.763120363399168
4.763120363399168
4.763120363399168
4.763120363399168
4.763120363399168
4.763120363399168
4.763120363399168
4.763120363399168
4.763120363399168
4.763120363399168
4.763120363399168
4.763120363399168
4.763120363399168
4.763120363399168
4.763120363399168
4.763120363399168
4.763120363399168
4.763120363399168
4.763120363399168
4.763120363399168
4.763120363399168
4.763120363399168
4.763120363399168
4.763120363399168
4.763120363399168
4.763120363399168
4.763120363399168
4.763120363399168
4.763120363399168
4.763120363399168
4.763120363399168
4.763120363399168
4.763120363399168
4.763120363399168
4.763120363399168
4.763120363399168
4.763120363399168
4.763120363399168
4.763120363399168
4.763120363399168
4.763120363399168
4.763120363399168
4.763120363399168
4.763120363399168
4.763120363399168
4.763120363399168
4.763120363399168
4.763120363399168
4.763120363399168
4.763120363399168
4.763120363399168
4.763120363399168
4.763120363399168
4.763120363399168
4.763120363399168
4.763120363399168
4.763120363399168
4.763120363399168
4.763120363399168
4.763120363399168
4.763120363399168
4.763120363399168
4.763120363399168
4.763120363399168
4.763120363399168
4.763120363399168
4.763120363399168
4.763120363399168
4.763120363399168
4.763120363399168
4.763120363399168
4.763120363399168
4.763120363399168
4.763120363399168
4.763120363399168
4.763120363399168
4.763120363399168
4.763120363399168
4.763120363399168
4.763120363399168
4.763120363399168
4.763120363399168
4.763120363399168
4.763120363399168
4.763120363399168
4.763120363399168
4.763120363399168
4.763120363399168
4.763120363399168
4.763120363399168
4.763120363399168
4.763120363399168
4.763120363399168
4.763120363399168
4.763120363399168
4.763120363399168
4.763120363399168
4.763120363399168
4.763120363399168
4.763120363399168
4.763120363399168
4.763120363399168
4.763120363399168
4.763120363399168
4.763120363399168
4.763120363399168
4.763120363399168
4.763120363399168
4.763120363399168
4.763120363399168
4.763120363399168
4.763120363399168
4.763120363399168
4.763120363399168
4.763120363399168
4.763120363399168
4.763120363399168
4.763120363399168
4.763120363399168
4.763120363399168
4.763120363399168
4.763120363399168
4.763120363399168
4.763120363399168
4.763120363399168
4.763120363399168
4.763120363399168
4.763120363399168
4.763120363399168
4.763120363399168
4.763120363399168
4.763120363399168
4.763120363399168
4.763120363399168
4.763120363399168
4.763120363399168
4.763120363399168
4.763120363399168
4.763120363399168
4.763120363399168
4.763120363399168
4.763120363399168
4.763120363399168
4.763120363399168
4.763120363399168
4.763120363399168
4.763120363399168
4.763120363399168
4.763120363399168
4.763120363399168
4.763120363399168
4.763120363399168
4.763120363399168
4.763120363399168
4.763120363399168
4.763120363399168
4.763120363399168
4.763120363399168
4.763120363399168
4.763120363399168
4.763120363399168
4.763120363399168
4.763120363399168
4.763120363399168
4.763120363399168
4.763120363399168
4.763120363399168
4.763120363399168
4.763120363399168
4.763120363399168
4.763120363399168
4.763120363399168
4.763120363399168
4.763120363399168
4.763120363399168
4.763120363399168
4.763120363399168
4.763120363399168
4.763120363399168
4.763120363399168
4.763120363399168
4.763120363399168
4.763120363399168
4.763120363399168
4.763120363399168
4.763120363399168
4.763120363399168
4.763120363399168
4.763120363399168
4.763120363399168
4.763120363399168
4.763120363399168
4.763120363399168
4.763120363399168
4.763120363399168
4.763120363399168
4.763120363399168
4.763120363399168
4.763120363399168
4.763120363399168
4.763120363399168
4.763120363399168
4.763120363399168
4.763120363399168
4.763120363399168
4.763120363399168
4.763120363399168
4.763120363399168
4.763120363399168
4.763120363399168
4.763120363399168
4.763120363399168
4.763120363399168
4.763120363399168
4.763120363399168
4.763120363399168
4.763120363399168
4.763120363399168
4.763120363399168
4.763120363399168
4.763120363399168
4.763120363399168
4.763120363399168
4.763120363399168
4.763120363399168
4.763120363399168
4.763120363399168
4.763120363399168
4.763120363399168
4.763120363399168
4.763120363399168
4.763120363399168
4.763120363399168
4.763120363399168
4.763120363399168
4.763120363399168
4.763120363399168
4.763120363399168
4.763120363399168
4.763120363399168
4.763120363399168
4.763120363399168
4.763120363399168
4.763120363399168
4.763120363399168
4.763120363399168
4.763120363399168
4.763120363399168
4.763120363399168
4.763120363399168
4.763120363399168
4.763120363399168
4.763120363399168
4.763120363399168
4.763120363399168
4.763120363399168
4.763120363399168
4.763120363399168
4.763120363399168
4.763120363399168
4.763120363399168
4.763120363399168
4.763120363399168
4.763120363399168
4.763120363399168
4.763120363399168
4.763120363399168
4.763120363399168
4.763120363399168
4.763120363399168
4.763120363399168
4.763120363399168
4.763120363399168
4.763120363399168
4.763120363399168
4.763120363399168
4.763120363399168
4.763120363399168
4.763120363399168
4.763120363399168
4.763120363399168
4.763120363399168
4.763120363399168
4.763120363399168
4.763120363399168
4.763120363399168
4.763120363399168
4.763120363399168
4.763120363399168
4.763120363399168
4.763120363399168
4.763120363399168
4.763120363399168
4.763120363399168
4.763120363399168
4.763120363399168
4.763120363399168
4.763120363399168
4.763120363399168
4.763120363399168
4.763120363399168
4.763120363399168
4.763120363399168
4.763120363399168
4.763120363399168
4.763120363399168
4.763120363399168
4.763120363399168
4.763120363399168
4.763120363399168
4.763120363399168
4.763120363399168
4.763120363399168
4.763120363399168
4.763120363399168
4.763120363399168
4.763120363399168
4.763120363399168
4.763120363399168
4.763120363399168
4.763120363399168
4.763120363399168
4.763120363399168
4.763120363399168
4.763120363399168
4.763120363399168
4.763120363399168
4.763120363399168
4.763120363399168
4.763120363399168
4.763120363399168
4.763120363399168
4.763120363399168
4.763120363399168
4.763120363399168
4.763120363399168
4.763120363399168
4.763120363399168
4.763120363399168
4.763120363399168
4.763120363399168
4.763120363399168
4.763120363399168
4.763120363399168
4.763120363399168
4.763120363399168
4.763120363399168
4.763120363399168
4.763120363399168
4.763120363399168
4.763120363399168
4.763120363399168
4.763120363399168
4.763120363399168
4.763120363399168
4.763120363399168
4.763120363399168
4.763120363399168
4.763120363399168
4.763120363399168
4.763120363399168
4.763120363399168
4.763120363399168
4.763120363399168
4.763120363399168
4.763120363399168
4.763120363399168
4.763120363399168
4.763120363399168
4.763120363399168
4.763120363399168
4.763120363399168
4.763120363399168
4.763120363399168
4.763120363399168
4.763120363399168
4.763120363399168
4.763120363399168
4.763120363399168
4.763120363399168
4.763120363399168
4.763120363399168
4.763120363399168
4.763120363399168
4.763120363399168
4.763120363399168
4.763120363399168
4.763120363399168
4.763120363399168
4.763120363399168
4.763120363399168
4.763120363399168
4.763120363399168
4.763120363399168
4.763120363399168
4.763120363399168
4.763120363399168
4.763120363399168
4.763120363399168
4.77539335810704
4.782981902598321
4.790108304730083
4.79680070897202
4.79680070897202
4.79680070897202
4.79680070897202
4.79680070897202
4.79680070897202
4.79680070897202
4.79680070897202
4.79680070897202
4.79680070897202
4.80020360028276
4.80628120102554
4.811988675883083
4.8295285655218025
4.846000275881524
4.861468859080339
4.888175405562346
4.913255523363599
4.936808261990756
4.952836638835519
4.967888887530436
4.982024454279832
4.98311916501419
4.984147207864826
4.985112642905857
4.985112642905857
4.985112642905857
4.985112642905857
4.985112642905857
4.997593407819188
5.009919969283
5.009919969283
5.009919969283
5.009919969283
5.009919969283
5.009919969283
5.009919969283
5.009919969283
5.009919969283
5.009919969283
5.009919969283
5.009919969283
5.009919969283
5.009919969283
5.009919969283
5.019213399299952
5.024133303282584
5.028753585112674
5.033092491779311
5.03716715902995
5.040993679045026
5.044587163991183
5.044587163991183
5.044587163991183
5.044587163991183
5.044587163991183
5.044587163991183
5.044587163991183
5.044587163991183
5.044587163991183
5.044587163991183
5.044587163991183
5.044587163991183
5.044587163991183
5.048658990806562
5.063965658266442
5.078340149678016
5.091839234562625
5.091839234562625
5.091839234562625
5.091839234562625
5.091839234562625
5.091839234562625
5.091839234562625
5.091839234562625
5.091839234562625
5.091839234562625
5.091839234562625
5.091839234562625
5.091839234562625
5.091839234562625
5.091839234562625
5.091839234562625
5.091839234562625
5.091839234562625
5.091839234562625
5.091839234562625
5.091839234562625
5.091839234562625
5.091839234562625
5.091839234562625
5.091839234562625
5.091839234562625
5.091839234562625
5.091839234562625
5.091839234562625
5.091839234562625
5.091839234562625
5.091839234562625
5.091839234562625
5.091839234562625
5.091839234562625
5.091839234562625
5.091839234562625
5.091839234562625
5.091839234562625
5.091839234562625
5.091839234562625
5.091839234562625
5.091839234562625
5.091839234562625
5.091839234562625
5.091839234562625
5.091839234562625
5.091839234562625
5.091839234562625
5.091839234562625
5.091839234562625
5.091839234562625
5.091839234562625
5.091839234562625
5.091839234562625
5.091839234562625
5.091839234562625
5.091839234562625
5.091839234562625
5.091839234562625
5.091839234562625
5.091839234562625
5.091839234562625
5.091839234562625
5.091839234562625
5.091839234562625
5.091839234562625
5.091839234562625
5.091839234562625
5.091839234562625
5.091839234562625
5.091839234562625
5.091839234562625
5.091839234562625
5.091839234562625
5.091839234562625
5.091839234562625
5.091839234562625
5.091839234562625
5.091839234562625
5.091839234562625
5.091839234562625
5.091839234562625
5.091839234562625
5.091839234562625
5.091839234562625
5.091839234562625
5.091839234562625
5.091839234562625
5.091839234562625
5.091839234562625
5.091839234562625
5.091839234562625
5.091839234562625
5.091839234562625
5.091839234562625
5.091839234562625
5.091839234562625
5.091839234562625
5.091839234562625
5.091839234562625
5.091839234562625
5.091839234562625
5.091839234562625
5.095139651057085
5.095139651057085
5.095139651057085
5.095139651057085
5.095139651057085
5.095139651057085
5.095139651057085
5.095139651057085
5.095139651057085
5.095139651057085
5.095139651057085
5.095139651057085
5.095139651057085
5.095139651057085
5.095139651057085
5.095139651057085
5.095139651057085
5.095139651057085
5.0983666663442255
5.1106461363638624
5.1106461363638624
5.1106461363638624
5.1106461363638624
5.1106461363638624
5.1106461363638624
5.1106461363638624
5.1106461363638624
5.114395263361296
5.1256985918225935
5.136313547580597
5.146282052532939
5.146282052532939
5.146282052532939
5.146282052532939
5.146282052532939
5.146282052532939
5.15187705665949
5.15187705665949
5.15187705665949
5.15187705665949
5.15187705665949
5.15187705665949
5.15187705665949
5.15187705665949
5.15187705665949
5.15187705665949
5.15187705665949
5.15187705665949
5.15187705665949
5.15187705665949
5.15187705665949
5.15187705665949
5.15187705665949
5.15187705665949
5.15187705665949
5.15187705665949
5.15187705665949
5.15187705665949
5.15187705665949
5.15187705665949
5.15187705665949
5.15187705665949
5.15187705665949
5.15187705665949
5.15187705665949
5.15187705665949
5.15187705665949
5.15187705665949
5.15187705665949
5.15187705665949
5.15187705665949
5.15187705665949
5.15187705665949
5.15187705665949
5.15187705665949
5.15187705665949
5.15187705665949
5.15187705665949
5.15187705665949
5.15187705665949
5.15187705665949
5.15187705665949
5.15187705665949
5.15187705665949
5.15187705665949
5.15187705665949
5.15187705665949
5.15187705665949
5.15187705665949
5.15187705665949
5.15187705665949
5.15187705665949
5.15187705665949
5.15187705665949
5.15187705665949
5.15187705665949
5.15187705665949
5.15187705665949
5.15187705665949
5.15187705665949
5.15187705665949
5.15187705665949
5.15187705665949
5.15187705665949
5.15187705665949
5.15187705665949
5.15187705665949
5.15187705665949
5.15187705665949
5.15187705665949
5.15187705665949
5.15187705665949
5.15187705665949
5.15187705665949
5.15187705665949
5.15187705665949
5.15187705665949
5.15187705665949
5.15187705665949
5.15187705665949
5.15187705665949
5.15187705665949
5.15187705665949
5.15187705665949
5.15187705665949
5.15187705665949
5.15187705665949
5.15187705665949
5.15187705665949
5.15187705665949
5.15187705665949
5.15187705665949
5.15187705665949
5.15187705665949
5.15187705665949
5.15187705665949
5.15187705665949
5.15187705665949
5.15187705665949
5.15187705665949
5.15187705665949
5.15187705665949
5.15187705665949
5.15187705665949
5.15187705665949
5.15187705665949
5.15187705665949
5.15187705665949
5.15187705665949
5.15187705665949
5.15187705665949
5.15187705665949
5.15187705665949
5.15187705665949
5.15187705665949
5.15187705665949
5.15187705665949
5.15187705665949
5.15187705665949
5.15187705665949
5.15187705665949
5.15187705665949
5.15187705665949
5.15187705665949
5.15187705665949
5.15187705665949
5.15187705665949
5.15187705665949
5.15187705665949
5.15187705665949
5.15187705665949
5.15187705665949
5.15187705665949
5.15187705665949
5.15187705665949
5.15187705665949
5.15187705665949
5.15187705665949
5.15187705665949
5.15187705665949
5.15187705665949
5.15187705665949
5.15187705665949
5.15187705665949
5.15187705665949
5.15187705665949
5.15187705665949
5.15187705665949
5.15187705665949
5.15187705665949
5.15187705665949
5.15187705665949
5.15187705665949
5.15187705665949
5.15187705665949
5.15187705665949
5.15187705665949
5.15187705665949
5.15187705665949
5.15187705665949
5.15187705665949
5.15187705665949
5.15187705665949
5.15187705665949
5.15187705665949
5.15187705665949
5.15187705665949
5.15187705665949
5.15187705665949
5.15187705665949
5.15187705665949
5.15187705665949
5.15187705665949
5.15187705665949
5.15187705665949
5.15187705665949
5.15187705665949
5.15187705665949
5.15187705665949
5.15187705665949
5.15187705665949
5.15187705665949
5.15187705665949
5.15187705665949
5.15187705665949
5.15187705665949
5.15187705665949
5.15187705665949
5.15187705665949
5.15187705665949
5.15187705665949
5.15187705665949
5.15187705665949
5.15187705665949
5.15187705665949
5.15187705665949
5.15187705665949
5.15187705665949
5.15187705665949
5.15187705665949
5.15187705665949
5.15187705665949
5.15187705665949
5.15187705665949
5.15187705665949
5.15187705665949
5.15187705665949
5.15187705665949
5.15187705665949
5.15187705665949
5.15187705665949
5.15187705665949
5.15187705665949
5.15187705665949
5.15187705665949
5.15187705665949
5.15187705665949
5.15187705665949
5.15187705665949
5.15187705665949
5.15187705665949
5.15187705665949
5.15187705665949
5.15187705665949
5.15187705665949
5.15187705665949
5.15187705665949
5.15187705665949
5.15187705665949
5.15187705665949
5.15187705665949
5.15187705665949
5.15187705665949
5.15187705665949
5.15187705665949
5.15187705665949
5.15187705665949
5.15187705665949
5.15187705665949
5.15187705665949
5.15187705665949
5.15187705665949
5.15187705665949
5.15187705665949
5.15187705665949
5.15187705665949
5.15187705665949
5.15187705665949
5.15187705665949
5.15187705665949
5.15187705665949
5.15187705665949
5.15187705665949
5.15187705665949
5.15187705665949
5.15187705665949
5.15187705665949
5.15187705665949
5.15187705665949
5.15187705665949
5.15187705665949
5.15187705665949
5.15187705665949
5.15187705665949
5.15187705665949
5.15187705665949
5.15187705665949
5.15187705665949
5.15187705665949
5.15187705665949
5.15187705665949
5.15187705665949
5.15187705665949
5.15187705665949
5.15187705665949
5.15187705665949
5.15187705665949
5.15187705665949
5.15187705665949
5.15187705665949
5.15187705665949
5.15187705665949
5.15187705665949
5.15187705665949
5.15187705665949
5.15187705665949
5.15187705665949
5.15187705665949
5.15187705665949
5.15187705665949
5.15187705665949
5.15187705665949
5.15187705665949
5.15187705665949
5.15187705665949
5.15187705665949
5.15187705665949
5.15187705665949
5.15187705665949
5.15187705665949
5.15187705665949
5.15187705665949
5.15187705665949
5.15187705665949
5.15187705665949
5.15187705665949
5.15187705665949
5.15187705665949
5.15187705665949
5.15187705665949
5.15187705665949
5.15187705665949
5.15187705665949
5.15187705665949
5.15187705665949
5.15187705665949
5.15187705665949
5.15187705665949
5.15187705665949
5.15187705665949
5.15187705665949
5.15187705665949
5.15187705665949
5.15187705665949
5.15187705665949
5.15187705665949
5.15187705665949
5.15187705665949
5.15187705665949
5.15187705665949
5.15187705665949
5.15187705665949
5.15187705665949
5.15187705665949
5.15187705665949
5.15187705665949
5.15187705665949
5.15187705665949
5.15187705665949
5.15187705665949
5.15187705665949
5.15187705665949
5.15187705665949
5.15187705665949
5.15187705665949
5.15187705665949
5.15187705665949
5.15187705665949
5.15187705665949
5.15187705665949
5.15187705665949
5.15187705665949
5.15187705665949
5.15187705665949
5.15187705665949
5.15187705665949
5.15187705665949
5.15187705665949
5.15187705665949
5.15187705665949
5.15187705665949
5.15187705665949
5.15187705665949
5.15187705665949
5.15187705665949
5.15187705665949
5.15187705665949
5.15187705665949
5.15187705665949
5.15187705665949
5.15187705665949
5.15187705665949
5.15187705665949
5.15187705665949
5.15187705665949
5.15187705665949
5.15187705665949
5.15187705665949
5.15187705665949
5.15187705665949
5.15187705665949
5.15187705665949
5.15187705665949
5.15187705665949
5.15187705665949
5.15187705665949
5.15187705665949
5.15187705665949
5.15187705665949
5.15187705665949
5.15187705665949
5.15187705665949
5.15187705665949
5.15187705665949
5.15187705665949
5.15187705665949
5.15187705665949
5.15187705665949
5.15187705665949
5.15187705665949
5.15187705665949
5.15187705665949
5.15187705665949
5.15187705665949
5.15187705665949
5.15187705665949
5.15187705665949
5.15187705665949
5.15187705665949
5.15187705665949
5.15187705665949
5.15187705665949
5.15187705665949
5.15187705665949
5.15187705665949
5.15187705665949
5.15187705665949
5.15187705665949
5.15187705665949
5.15187705665949
5.15187705665949
5.15187705665949
5.15187705665949
5.15187705665949
5.15187705665949
5.15187705665949
5.15187705665949
5.15187705665949
5.15187705665949
5.15187705665949
5.15187705665949
5.15187705665949
5.15187705665949
5.15187705665949
5.15187705665949
5.15187705665949
5.15187705665949
5.15187705665949
5.15187705665949
5.15187705665949
5.15187705665949
5.15187705665949
5.15187705665949
5.15187705665949
5.15187705665949
5.15187705665949
5.15187705665949
5.15187705665949
5.15187705665949
5.15187705665949
5.15187705665949
5.15187705665949
5.15187705665949
5.15187705665949
5.15187705665949
5.15187705665949
5.15187705665949
5.15187705665949
5.15187705665949
5.15187705665949
5.15187705665949
5.15187705665949
5.15187705665949
5.15187705665949
5.15187705665949
5.15187705665949
5.15187705665949
5.15187705665949
5.15187705665949
5.15187705665949
5.15187705665949
5.15187705665949
5.15187705665949
5.15187705665949
5.15187705665949
5.15187705665949
5.15187705665949
5.15187705665949
5.15187705665949
5.15187705665949
5.15187705665949
5.15187705665949
5.15187705665949
5.15187705665949
5.15187705665949
5.15187705665949
5.15187705665949
5.15187705665949
5.15187705665949
5.15187705665949
5.15187705665949
5.15187705665949
5.15187705665949
5.15187705665949
5.15187705665949
5.15187705665949
5.15187705665949
5.15187705665949
5.15187705665949
5.15187705665949
5.15187705665949
5.15187705665949
5.15187705665949
5.15187705665949
5.15187705665949
5.15187705665949
5.15187705665949
5.15187705665949
5.15187705665949
5.15187705665949
5.15187705665949
5.15187705665949
5.15187705665949
5.15187705665949
5.15187705665949
5.15187705665949
5.15187705665949
5.15187705665949
5.15187705665949
5.15187705665949
5.154636080618972
5.193938743309276
5.23084787384174
5.253329238324778
5.274441487710798
5.29426800110921
5.3128870798416585
5.3128870798416585
5.3128870798416585
5.3128870798416585
5.3128870798416585
5.3128870798416585
5.3128870798416585
5.3128870798416585
5.3128870798416585
5.3128870798416585
5.3128870798416585
5.32741016693828
5.344010887771738
5.359600624706438
5.374240946661815
5.374240946661815
5.374240946661815
5.374240946661815
5.374240946661815
5.374240946661815
5.374240946661815
5.374240946661815
5.374240946661815
5.374240946661815
5.376917476152073
5.376917476152073
5.376917476152073
5.376917476152073
5.376917476152073
5.376917476152073
5.376917476152073
5.376917476152073
5.37787484040858
5.4035822626276975
5.4216341028336705
5.4385865859711
5.45450666288546
5.463367207115734
5.4716881442023855
5.47950233622046
5.492930643944633
5.5055411677284045
5.517383710613744
5.517383710613744
5.517383710613744
5.517383710613744
5.517383710613744
5.517383710613744
5.517383710613744
5.517383710613744
5.517383710613744
5.517383710613744
5.517383710613744
5.517383710613744
5.517383710613744
5.517383710613744
5.517383710613744
5.517383710613744
5.517383710613744
5.517383710613744
5.517383710613744
5.517383710613744
5.517383710613744
5.517383710613744
5.517383710613744
5.517383710613744
5.517383710613744
5.517383710613744
5.517383710613744
5.517383710613744
5.517383710613744
5.517383710613744
5.517383710613744
5.517383710613744
5.517383710613744
5.517383710613744
5.517383710613744
5.517383710613744
5.517383710613744
5.517383710613744
5.517383710613744
5.517383710613744
5.517383710613744
5.517383710613744
5.517383710613744
5.517383710613744
5.517383710613744
5.517383710613744
5.517383710613744
5.517383710613744
5.517383710613744
5.517383710613744
5.517383710613744
5.517383710613744
5.517383710613744
5.517383710613744
5.517383710613744
5.517383710613744
5.517383710613744
5.517383710613744
5.517383710613744
5.517383710613744
5.517383710613744
5.517383710613744
5.517383710613744
5.517383710613744
5.517383710613744
5.517383710613744
5.517383710613744
5.517383710613744
5.517383710613744
5.517383710613744
5.517383710613744
5.517383710613744
5.517383710613744
5.517383710613744
5.517383710613744
5.517383710613744
5.517383710613744
5.517383710613744
5.517383710613744
5.517383710613744
5.517383710613744
5.517383710613744
5.517383710613744
5.517383710613744
5.517383710613744
5.517383710613744
5.517383710613744